0.000000 1.000000
0.010000 0.986430
0.020000 0.972414
0.030000 0.957995
0.040000 0.943215
0.050000 0.928112
0.060000 0.912724
0.070000 0.897090
0.080000 0.881244
0.090000 0.865221
0.100000 0.849053
0.110000 0.832773
0.120000 0.816411
0.130000 0.799996
0.140000 0.783557
0.150000 0.767120
0.160000 0.750712
0.170000 0.734356
0.180000 0.718078
0.190000 0.701898
0.200000 0.685839
0.210000 0.669921
0.220000 0.654162
0.230000 0.638582
0.240000 0.623197
0.250000 0.608025
0.260000 0.593079
0.270000 0.578375
0.280000 0.563925
0.290000 0.549743
0.300000 0.535840
0.310000 0.522227
0.320000 0.508913
0.330000 0.495908
0.340000 0.483219
0.350000 0.470855
0.360000 0.458822
0.370000 0.447126
0.380000 0.435772
0.390000 0.424765
0.400000 0.414108
0.410000 0.403804
0.420000 0.393856
0.430000 0.384265
0.440000 0.375033
0.450000 0.366160
0.460000 0.357646
0.470000 0.349491
0.480000 0.341693
0.490000 0.334250
0.500000 0.327160
0.510000 0.320422
0.520000 0.314030
0.530000 0.307983
0.540000 0.302275
0.550000 0.296902
0.560000 0.291859
0.570000 0.287141
0.580000 0.282743
0.590000 0.278658
0.600000 0.274880
0.610000 0.271402
0.620000 0.268218
0.630000 0.265321
0.640000 0.262702
0.650000 0.260355
0.660000 0.258271
0.670000 0.256442
0.680000 0.254861
0.690000 0.253519
0.700000 0.252407
0.710000 0.251517
0.720000 0.250840
0.730000 0.250367
0.740000 0.250090
0.750000 0.250000
0.760000 0.250089
0.770000 0.250353
0.780000 0.250792
0.790000 0.251403
0.800000 0.252185
0.810000 0.253136
0.820000 0.254253
0.830000 0.255535
0.840000 0.256981
0.850000 0.258587
0.860000 0.260353
0.870000 0.262275
0.880000 0.264352
0.890000 0.266581
0.900000 0.268960
0.910000 0.271487
0.920000 0.274158
0.930000 0.276972
0.940000 0.279926
0.950000 0.283017
0.960000 0.286241
0.970000 0.289596
0.980000 0.293078
0.990000 0.296685
