0.000000 0.000000 0.000000
0.005000 0.000000 -0.000000
0.010000 0.000000 -0.000000
0.015000 0.000000 -0.000000
0.020000 0.000000 -0.000000
0.025000 0.000000 -0.000000
0.030000 0.000000 0.000000
0.035000 0.000000 -0.000000
0.040000 0.000000 -0.000000
0.045000 0.000000 -0.000000
0.050000 0.000000 -0.000000
0.055000 0.000000 -0.000000
0.060000 0.000000 -0.000000
0.065000 0.000000 0.000000
0.070000 0.000000 -0.000000
0.075000 0.000000 0.000000
0.080000 0.000000 0.000000
0.085000 0.000000 0.000000
0.090000 0.000000 0.000000
0.095000 0.000000 0.000000
0.100000 0.000000 -0.000000
0.105000 0.000000 0.000000
0.110000 0.000000 0.000000
0.115000 0.000000 -0.000000
0.120000 0.000000 -0.000000
0.125000 0.000000 0.000000
0.130000 0.000000 -0.000000
0.135000 0.000000 0.000000
0.140000 0.000000 -0.000000
0.145000 0.000000 0.000000
0.150000 0.000000 -0.000000
0.155000 0.000000 -0.000000
0.160000 0.000000 -0.000000
0.165000 0.000000 -0.000000
0.170000 0.000000 -0.000000
0.175000 0.000000 -0.000000
0.180000 0.000000 0.000000
0.185000 0.000000 -0.000000
0.190000 0.000000 0.000000
0.195000 0.000000 0.000000
0.000000 0.001000 0.000994
0.005000 0.001000 0.000857
0.010000 0.001000 0.000579
0.015000 0.001000 0.000162
0.020000 0.001000 -0.000391
0.025000 0.001000 -0.001074
0.030000 0.001000 -0.001885
0.035000 0.001000 -0.001997
0.040000 0.001000 -0.001997
0.045000 0.001000 -0.001997
0.050000 0.001000 -0.001997
0.055000 0.001000 -0.001997
0.060000 0.001000 -0.001997
0.065000 0.001000 -0.001997
0.070000 0.001000 -0.001997
0.075000 0.001000 -0.001997
0.080000 0.001000 -0.001997
0.085000 0.001000 -0.001997
0.090000 0.001000 -0.001997
0.095000 0.001000 -0.001997
0.100000 0.001000 -0.001997
0.105000 0.001000 -0.001997
0.110000 0.001000 -0.001997
0.115000 0.001000 -0.001997
0.120000 0.001000 -0.001997
0.125000 0.001000 -0.001997
0.130000 0.001000 -0.001997
0.135000 0.001000 -0.001997
0.140000 0.001000 -0.001997
0.145000 0.001000 -0.001997
0.150000 0.001000 -0.001997
0.155000 0.001000 -0.001997
0.160000 0.001000 -0.001997
0.165000 0.001000 -0.001997
0.170000 0.001000 -0.001997
0.175000 0.001000 -0.001997
0.180000 0.001000 -0.001997
0.185000 0.001000 -0.001997
0.190000 0.001000 -0.001997
0.195000 0.001000 -0.001997
0.000000 0.002000 0.001976
0.005000 0.002000 0.001768
0.010000 0.002000 0.001434
0.015000 0.002000 0.000961
0.020000 0.002000 0.000354
0.025000 0.002000 -0.000383
0.030000 0.002000 -0.001246
0.035000 0.002000 -0.002229
0.040000 0.002000 -0.003330
0.045000 0.002000 -0.003988
0.050000 0.002000 -0.003988
0.055000 0.002000 -0.003988
0.060000 0.002000 -0.003988
0.065000 0.002000 -0.003988
0.070000 0.002000 -0.003988
0.075000 0.002000 -0.003988
0.080000 0.002000 -0.003988
0.085000 0.002000 -0.003988
0.090000 0.002000 -0.003988
0.095000 0.002000 -0.003988
0.100000 0.002000 -0.003988
0.105000 0.002000 -0.003988
0.110000 0.002000 -0.003988
0.115000 0.002000 -0.003988
0.120000 0.002000 -0.003988
0.125000 0.002000 -0.003988
0.130000 0.002000 -0.003988
0.135000 0.002000 -0.003988
0.140000 0.002000 -0.003988
0.145000 0.002000 -0.003988
0.150000 0.002000 -0.003988
0.155000 0.002000 -0.003988
0.160000 0.002000 -0.003988
0.165000 0.002000 -0.003988
0.170000 0.002000 -0.003988
0.175000 0.002000 -0.003988
0.180000 0.002000 -0.003988
0.185000 0.002000 -0.003988
0.190000 0.002000 -0.003988
0.195000 0.002000 -0.003988
0.000000 0.003000 0.002946
0.005000 0.003000 0.002661
0.010000 0.003000 0.002270
0.015000 0.003000 0.001741
0.020000 0.003000 0.001080
0.025000 0.003000 0.000290
0.030000 0.003000 -0.000623
0.035000 0.003000 -0.001657
0.040000 0.003000 -0.002807
0.045000 0.003000 -0.004069
0.050000 0.003000 -0.005438
0.055000 0.003000 -0.005973
0.060000 0.003000 -0.005973
0.065000 0.003000 -0.005973
0.070000 0.003000 -0.005973
0.075000 0.003000 -0.005973
0.080000 0.003000 -0.005973
0.085000 0.003000 -0.005973
0.090000 0.003000 -0.005973
0.095000 0.003000 -0.005973
0.100000 0.003000 -0.005973
0.105000 0.003000 -0.005973
0.110000 0.003000 -0.005973
0.115000 0.003000 -0.005973
0.120000 0.003000 -0.005973
0.125000 0.003000 -0.005973
0.130000 0.003000 -0.005973
0.135000 0.003000 -0.005973
0.140000 0.003000 -0.005973
0.145000 0.003000 -0.005973
0.150000 0.003000 -0.005973
0.155000 0.003000 -0.005973
0.160000 0.003000 -0.005973
0.165000 0.003000 -0.005973
0.170000 0.003000 -0.005973
0.175000 0.003000 -0.005973
0.180000 0.003000 -0.005973
0.185000 0.003000 -0.005973
0.190000 0.003000 -0.005973
0.195000 0.003000 -0.005973
0.000000 0.004000 0.003905
0.005000 0.004000 0.003547
0.010000 0.004000 0.003087
0.015000 0.004000 0.002503
0.020000 0.004000 0.001789
0.025000 0.004000 0.000947
0.030000 0.004000 -0.000018
0.035000 0.004000 -0.001102
0.040000 0.004000 -0.002300
0.045000 0.004000 -0.003609
0.050000 0.004000 -0.005025
0.055000 0.004000 -0.006543
0.060000 0.004000 -0.007952
0.065000 0.004000 -0.007952
0.070000 0.004000 -0.007952
0.075000 0.004000 -0.007952
0.080000 0.004000 -0.007952
0.085000 0.004000 -0.007952
0.090000 0.004000 -0.007952
0.095000 0.004000 -0.007952
0.100000 0.004000 -0.007952
0.105000 0.004000 -0.007952
0.110000 0.004000 -0.007952
0.115000 0.004000 -0.007952
0.120000 0.004000 -0.007952
0.125000 0.004000 -0.007952
0.130000 0.004000 -0.007952
0.135000 0.004000 -0.007952
0.140000 0.004000 -0.007952
0.145000 0.004000 -0.007952
0.150000 0.004000 -0.007952
0.155000 0.004000 -0.007952
0.160000 0.004000 -0.007952
0.165000 0.004000 -0.007952
0.170000 0.004000 -0.007952
0.175000 0.004000 -0.007952
0.180000 0.004000 -0.007952
0.185000 0.004000 -0.007952
0.190000 0.004000 -0.007952
0.195000 0.004000 -0.007952
0.000000 0.005000 0.004851
0.005000 0.005000 0.004437
0.010000 0.005000 0.003885
0.015000 0.005000 0.003248
0.020000 0.005000 0.002480
0.025000 0.005000 0.001587
0.030000 0.005000 0.000571
0.035000 0.005000 -0.000562
0.040000 0.005000 -0.001808
0.045000 0.005000 -0.003165
0.050000 0.005000 -0.004626
0.055000 0.005000 -0.006189
0.060000 0.005000 -0.007850
0.065000 0.005000 -0.009604
0.070000 0.005000 -0.009925
0.075000 0.005000 -0.009925
0.080000 0.005000 -0.009925
0.085000 0.005000 -0.009925
0.090000 0.005000 -0.009925
0.095000 0.005000 -0.009925
0.100000 0.005000 -0.009925
0.105000 0.005000 -0.009925
0.110000 0.005000 -0.009925
0.115000 0.005000 -0.009925
0.120000 0.005000 -0.009925
0.125000 0.005000 -0.009925
0.130000 0.005000 -0.009925
0.135000 0.005000 -0.009925
0.140000 0.005000 -0.009925
0.145000 0.005000 -0.009925
0.150000 0.005000 -0.009925
0.155000 0.005000 -0.009925
0.160000 0.005000 -0.009925
0.165000 0.005000 -0.009925
0.170000 0.005000 -0.009925
0.175000 0.005000 -0.009925
0.180000 0.005000 -0.009925
0.185000 0.005000 -0.009925
0.190000 0.005000 -0.009925
0.195000 0.005000 -0.009925
0.000000 0.006000 0.005787
0.005000 0.006000 0.005315
0.010000 0.006000 0.004666
0.015000 0.006000 0.003975
0.020000 0.006000 0.003154
0.025000 0.006000 0.002209
0.030000 0.006000 0.001144
0.035000 0.006000 -0.000038
0.040000 0.006000 -0.001332
0.045000 0.006000 -0.002735
0.050000 0.006000 -0.004242
0.055000 0.006000 -0.005849
0.060000 0.006000 -0.007553
0.065000 0.006000 -0.009349
0.070000 0.006000 -0.011234
0.075000 0.006000 -0.011892
0.080000 0.006000 -0.011892
0.085000 0.006000 -0.011892
0.090000 0.006000 -0.011892
0.095000 0.006000 -0.011892
0.100000 0.006000 -0.011892
0.105000 0.006000 -0.011892
0.110000 0.006000 -0.011892
0.115000 0.006000 -0.011892
0.120000 0.006000 -0.011892
0.125000 0.006000 -0.011892
0.130000 0.006000 -0.011892
0.135000 0.006000 -0.011892
0.140000 0.006000 -0.011892
0.145000 0.006000 -0.011892
0.150000 0.006000 -0.011892
0.155000 0.006000 -0.011892
0.160000 0.006000 -0.011892
0.165000 0.006000 -0.011892
0.170000 0.006000 -0.011892
0.175000 0.006000 -0.011892
0.180000 0.006000 -0.011892
0.185000 0.006000 -0.011892
0.190000 0.006000 -0.011892
0.195000 0.006000 -0.011892
0.000000 0.007000 0.006710
0.005000 0.007000 0.006181
0.010000 0.007000 0.005428
0.015000 0.007000 0.004683
0.020000 0.007000 0.003811
0.025000 0.007000 0.002815
0.030000 0.007000 0.001700
0.035000 0.007000 0.000470
0.040000 0.007000 -0.000872
0.045000 0.007000 -0.002320
0.050000 0.007000 -0.003872
0.055000 0.007000 -0.005523
0.060000 0.007000 -0.007269
0.065000 0.007000 -0.009107
0.070000 0.007000 -0.011033
0.075000 0.007000 -0.013043
0.080000 0.007000 -0.013853
0.085000 0.007000 -0.013853
0.090000 0.007000 -0.013853
0.095000 0.007000 -0.013853
0.100000 0.007000 -0.013853
0.105000 0.007000 -0.013853
0.110000 0.007000 -0.013853
0.115000 0.007000 -0.013853
0.120000 0.007000 -0.013853
0.125000 0.007000 -0.013853
0.130000 0.007000 -0.013853
0.135000 0.007000 -0.013853
0.140000 0.007000 -0.013853
0.145000 0.007000 -0.013853
0.150000 0.007000 -0.013853
0.155000 0.007000 -0.013853
0.160000 0.007000 -0.013853
0.165000 0.007000 -0.013853
0.170000 0.007000 -0.013853
0.175000 0.007000 -0.013853
0.180000 0.007000 -0.013853
0.185000 0.007000 -0.013853
0.190000 0.007000 -0.013853
0.195000 0.007000 -0.013853
0.000000 0.008000 0.007622
0.005000 0.008000 0.007037
0.010000 0.008000 0.006223
0.015000 0.008000 0.005375
0.020000 0.008000 0.004451
0.025000 0.008000 0.003405
0.030000 0.008000 0.002240
0.035000 0.008000 0.000962
0.040000 0.008000 -0.000426
0.045000 0.008000 -0.001921
0.050000 0.008000 -0.003517
0.055000 0.008000 -0.005211
0.060000 0.008000 -0.007000
0.065000 0.008000 -0.008879
0.070000 0.008000 -0.010845
0.075000 0.008000 -0.012894
0.080000 0.008000 -0.015022
0.085000 0.008000 -0.015808
0.090000 0.008000 -0.015808
0.095000 0.008000 -0.015808
0.100000 0.008000 -0.015808
0.105000 0.008000 -0.015808
0.110000 0.008000 -0.015808
0.115000 0.008000 -0.015808
0.120000 0.008000 -0.015808
0.125000 0.008000 -0.015808
0.130000 0.008000 -0.015808
0.135000 0.008000 -0.015808
0.140000 0.008000 -0.015808
0.145000 0.008000 -0.015808
0.150000 0.008000 -0.015808
0.155000 0.008000 -0.015808
0.160000 0.008000 -0.015808
0.165000 0.008000 -0.015808
0.170000 0.008000 -0.015808
0.175000 0.008000 -0.015808
0.180000 0.008000 -0.015808
0.185000 0.008000 -0.015808
0.190000 0.008000 -0.015808
0.195000 0.008000 -0.015808
0.000000 0.009000 0.008523
0.005000 0.009000 0.007882
0.010000 0.009000 0.007013
0.015000 0.009000 0.006049
0.020000 0.009000 0.005074
0.025000 0.009000 0.003977
0.030000 0.009000 0.002764
0.035000 0.009000 0.001439
0.040000 0.009000 0.000004
0.045000 0.009000 -0.001535
0.050000 0.009000 -0.003176
0.055000 0.009000 -0.004913
0.060000 0.009000 -0.006744
0.065000 0.009000 -0.008664
0.070000 0.009000 -0.010669
0.075000 0.009000 -0.012757
0.080000 0.009000 -0.014923
0.085000 0.009000 -0.017163
0.090000 0.009000 -0.017757
0.095000 0.009000 -0.017757
0.100000 0.009000 -0.017757
0.105000 0.009000 -0.017757
0.110000 0.009000 -0.017757
0.115000 0.009000 -0.017757
0.120000 0.009000 -0.017757
0.125000 0.009000 -0.017757
0.130000 0.009000 -0.017757
0.135000 0.009000 -0.017757
0.140000 0.009000 -0.017757
0.145000 0.009000 -0.017757
0.150000 0.009000 -0.017757
0.155000 0.009000 -0.017757
0.160000 0.009000 -0.017757
0.165000 0.009000 -0.017757
0.170000 0.009000 -0.017757
0.175000 0.009000 -0.017757
0.180000 0.009000 -0.017757
0.185000 0.009000 -0.017757
0.190000 0.009000 -0.017757
0.195000 0.009000 -0.017757
0.000000 0.010000 0.009412
0.005000 0.010000 0.008715
0.010000 0.010000 0.007792
0.015000 0.010000 0.006706
0.020000 0.010000 0.005680
0.025000 0.010000 0.004534
0.030000 0.010000 0.003273
0.035000 0.010000 0.001900
0.040000 0.010000 0.000419
0.045000 0.010000 -0.001165
0.050000 0.010000 -0.002849
0.055000 0.010000 -0.004629
0.060000 0.010000 -0.006501
0.065000 0.010000 -0.008461
0.070000 0.010000 -0.010506
0.075000 0.010000 -0.012632
0.080000 0.010000 -0.014835
0.085000 0.010000 -0.017112
0.090000 0.010000 -0.019459
0.095000 0.010000 -0.019700
0.100000 0.010000 -0.019700
0.105000 0.010000 -0.019700
0.110000 0.010000 -0.019700
0.115000 0.010000 -0.019700
0.120000 0.010000 -0.019700
0.125000 0.010000 -0.019700
0.130000 0.010000 -0.019700
0.135000 0.010000 -0.019700
0.140000 0.010000 -0.019700
0.145000 0.010000 -0.019700
0.150000 0.010000 -0.019700
0.155000 0.010000 -0.019700
0.160000 0.010000 -0.019700
0.165000 0.010000 -0.019700
0.170000 0.010000 -0.019700
0.175000 0.010000 -0.019700
0.180000 0.010000 -0.019700
0.185000 0.010000 -0.019700
0.190000 0.010000 -0.019700
0.195000 0.010000 -0.019700
0.000000 0.011000 0.010290
0.005000 0.011000 0.009538
0.010000 0.011000 0.008561
0.015000 0.011000 0.007368
0.020000 0.011000 0.006269
0.025000 0.011000 0.005074
0.030000 0.011000 0.003765
0.035000 0.011000 0.002346
0.040000 0.011000 0.000820
0.045000 0.011000 -0.000809
0.050000 0.011000 -0.002536
0.055000 0.011000 -0.004358
0.060000 0.011000 -0.006271
0.065000 0.011000 -0.008272
0.070000 0.011000 -0.010356
0.075000 0.011000 -0.012519
0.080000 0.011000 -0.014760
0.085000 0.011000 -0.017073
0.090000 0.011000 -0.019455
0.095000 0.011000 -0.021637
0.100000 0.011000 -0.021637
0.105000 0.011000 -0.021637
0.110000 0.011000 -0.021637
0.115000 0.011000 -0.021637
0.120000 0.011000 -0.021637
0.125000 0.011000 -0.021637
0.130000 0.011000 -0.021637
0.135000 0.011000 -0.021637
0.140000 0.011000 -0.021637
0.145000 0.011000 -0.021637
0.150000 0.011000 -0.021637
0.155000 0.011000 -0.021637
0.160000 0.011000 -0.021637
0.165000 0.011000 -0.021637
0.170000 0.011000 -0.021637
0.175000 0.011000 -0.021637
0.180000 0.011000 -0.021637
0.185000 0.011000 -0.021637
0.190000 0.011000 -0.021637
0.195000 0.011000 -0.021637
0.000000 0.012000 0.011157
0.005000 0.012000 0.010350
0.010000 0.012000 0.009320
0.015000 0.012000 0.008075
0.020000 0.012000 0.006842
0.025000 0.012000 0.005598
0.030000 0.012000 0.004242
0.035000 0.012000 0.002776
0.040000 0.012000 0.001205
0.045000 0.012000 -0.000467
0.050000 0.012000 -0.002237
0.055000 0.012000 -0.004101
0.060000 0.012000 -0.006055
0.065000 0.012000 -0.008095
0.070000 0.012000 -0.010217
0.075000 0.012000 -0.012419
0.080000 0.012000 -0.014696
0.085000 0.012000 -0.017044
0.090000 0.012000 -0.019461
0.095000 0.012000 -0.021943
0.100000 0.012000 -0.023568
0.105000 0.012000 -0.023568
0.110000 0.012000 -0.023568
0.115000 0.012000 -0.023568
0.120000 0.012000 -0.023568
0.125000 0.012000 -0.023568
0.130000 0.012000 -0.023568
0.135000 0.012000 -0.023568
0.140000 0.012000 -0.023568
0.145000 0.012000 -0.023568
0.150000 0.012000 -0.023568
0.155000 0.012000 -0.023568
0.160000 0.012000 -0.023568
0.165000 0.012000 -0.023568
0.170000 0.012000 -0.023568
0.175000 0.012000 -0.023568
0.180000 0.012000 -0.023568
0.185000 0.012000 -0.023568
0.190000 0.012000 -0.023568
0.195000 0.012000 -0.023568
0.000000 0.013000 0.012012
0.005000 0.013000 0.011151
0.010000 0.013000 0.010068
0.015000 0.013000 0.008771
0.020000 0.013000 0.007398
0.025000 0.013000 0.006107
0.030000 0.013000 0.004703
0.035000 0.013000 0.003192
0.040000 0.013000 0.001576
0.045000 0.013000 -0.000140
0.050000 0.013000 -0.001952
0.055000 0.013000 -0.003857
0.060000 0.013000 -0.005851
0.065000 0.013000 -0.007930
0.070000 0.013000 -0.010091
0.075000 0.013000 -0.012330
0.080000 0.013000 -0.014643
0.085000 0.013000 -0.017027
0.090000 0.013000 -0.019478
0.095000 0.013000 -0.021993
0.100000 0.013000 -0.024569
0.105000 0.013000 -0.025493
0.110000 0.013000 -0.025493
0.115000 0.013000 -0.025493
0.120000 0.013000 -0.025493
0.125000 0.013000 -0.025493
0.130000 0.013000 -0.025493
0.135000 0.013000 -0.025493
0.140000 0.013000 -0.025493
0.145000 0.013000 -0.025493
0.150000 0.013000 -0.025493
0.155000 0.013000 -0.025493
0.160000 0.013000 -0.025493
0.165000 0.013000 -0.025493
0.170000 0.013000 -0.025493
0.175000 0.013000 -0.025493
0.180000 0.013000 -0.025493
0.185000 0.013000 -0.025493
0.190000 0.013000 -0.025493
0.195000 0.013000 -0.025493
0.000000 0.014000 0.012857
0.005000 0.014000 0.011941
0.010000 0.014000 0.010806
0.015000 0.014000 0.009457
0.020000 0.014000 0.007938
0.025000 0.014000 0.006599
0.030000 0.014000 0.005149
0.035000 0.014000 0.003592
0.040000 0.014000 0.001933
0.045000 0.014000 0.000174
0.050000 0.014000 -0.001681
0.055000 0.014000 -0.003627
0.060000 0.014000 -0.005661
0.065000 0.014000 -0.007779
0.070000 0.014000 -0.009977
0.075000 0.014000 -0.012253
0.080000 0.014000 -0.014602
0.085000 0.014000 -0.017021
0.090000 0.014000 -0.019506
0.095000 0.014000 -0.022054
0.100000 0.014000 -0.024662
0.105000 0.014000 -0.027326
0.110000 0.014000 -0.027412
0.115000 0.014000 -0.027412
0.120000 0.014000 -0.027412
0.125000 0.014000 -0.027412
0.130000 0.014000 -0.027412
0.135000 0.014000 -0.027412
0.140000 0.014000 -0.027412
0.145000 0.014000 -0.027412
0.150000 0.014000 -0.027412
0.155000 0.014000 -0.027412
0.160000 0.014000 -0.027412
0.165000 0.014000 -0.027412
0.170000 0.014000 -0.027412
0.175000 0.014000 -0.027412
0.180000 0.014000 -0.027412
0.185000 0.014000 -0.027412
0.190000 0.014000 -0.027412
0.195000 0.014000 -0.027412
0.000000 0.015000 0.013690
0.005000 0.015000 0.012721
0.010000 0.015000 0.011533
0.015000 0.015000 0.010133
0.020000 0.015000 0.008532
0.025000 0.015000 0.007076
0.030000 0.015000 0.005580
0.035000 0.015000 0.003978
0.040000 0.015000 0.002275
0.045000 0.015000 0.000473
0.050000 0.015000 -0.001423
0.055000 0.015000 -0.003410
0.060000 0.015000 -0.005483
0.065000 0.015000 -0.007639
0.070000 0.015000 -0.009875
0.075000 0.015000 -0.012187
0.080000 0.015000 -0.014572
0.085000 0.015000 -0.017025
0.090000 0.015000 -0.019544
0.095000 0.015000 -0.022125
0.100000 0.015000 -0.024765
0.105000 0.015000 -0.027460
0.110000 0.015000 -0.029325
0.115000 0.015000 -0.029325
0.120000 0.015000 -0.029325
0.125000 0.015000 -0.029325
0.130000 0.015000 -0.029325
0.135000 0.015000 -0.029325
0.140000 0.015000 -0.029325
0.145000 0.015000 -0.029325
0.150000 0.015000 -0.029325
0.155000 0.015000 -0.029325
0.160000 0.015000 -0.029325
0.165000 0.015000 -0.029325
0.170000 0.015000 -0.029325
0.175000 0.015000 -0.029325
0.180000 0.015000 -0.029325
0.185000 0.015000 -0.029325
0.190000 0.015000 -0.029325
0.195000 0.015000 -0.029325
0.000000 0.016000 0.014513
0.005000 0.016000 0.013490
0.010000 0.016000 0.012251
0.015000 0.016000 0.010800
0.020000 0.016000 0.009149
0.025000 0.016000 0.007537
0.030000 0.016000 0.005995
0.035000 0.016000 0.004349
0.040000 0.016000 0.002602
0.045000 0.016000 0.000758
0.050000 0.016000 -0.001179
0.055000 0.016000 -0.003205
0.060000 0.016000 -0.005318
0.065000 0.016000 -0.007512
0.070000 0.016000 -0.009785
0.075000 0.016000 -0.012134
0.080000 0.016000 -0.014553
0.085000 0.016000 -0.017041
0.090000 0.016000 -0.019593
0.095000 0.016000 -0.022206
0.100000 0.016000 -0.024877
0.105000 0.016000 -0.027603
0.110000 0.016000 -0.030380
0.115000 0.016000 -0.031232
0.120000 0.016000 -0.031232
0.125000 0.016000 -0.031232
0.130000 0.016000 -0.031232
0.135000 0.016000 -0.031232
0.140000 0.016000 -0.031232
0.145000 0.016000 -0.031232
0.150000 0.016000 -0.031232
0.155000 0.016000 -0.031232
0.160000 0.016000 -0.031232
0.165000 0.016000 -0.031232
0.170000 0.016000 -0.031232
0.175000 0.016000 -0.031232
0.180000 0.016000 -0.031232
0.185000 0.016000 -0.031232
0.190000 0.016000 -0.031232
0.195000 0.016000 -0.031232
0.000000 0.017000 0.015324
0.005000 0.017000 0.014248
0.010000 0.017000 0.012958
0.015000 0.017000 0.011457
0.020000 0.017000 0.009757
0.025000 0.017000 0.007982
0.030000 0.017000 0.006396
0.035000 0.017000 0.004705
0.040000 0.017000 0.002916
0.045000 0.017000 0.001030
0.050000 0.017000 -0.000948
0.055000 0.017000 -0.003014
0.060000 0.017000 -0.005165
0.065000 0.017000 -0.007398
0.070000 0.017000 -0.009707
0.075000 0.017000 -0.012091
0.080000 0.017000 -0.014546
0.085000 0.017000 -0.017067
0.090000 0.017000 -0.019652
0.095000 0.017000 -0.022297
0.100000 0.017000 -0.025000
0.105000 0.017000 -0.027756
0.110000 0.017000 -0.030562
0.115000 0.017000 -0.033133
0.120000 0.017000 -0.033133
0.125000 0.017000 -0.033133
0.130000 0.017000 -0.033133
0.135000 0.017000 -0.033133
0.140000 0.017000 -0.033133
0.145000 0.017000 -0.033133
0.150000 0.017000 -0.033133
0.155000 0.017000 -0.033133
0.160000 0.017000 -0.033133
0.165000 0.017000 -0.033133
0.170000 0.017000 -0.033133
0.175000 0.017000 -0.033133
0.180000 0.017000 -0.033133
0.185000 0.017000 -0.033133
0.190000 0.017000 -0.033133
0.195000 0.017000 -0.033133
0.000000 0.018000 0.016125
0.005000 0.018000 0.014996
0.010000 0.018000 0.013655
0.015000 0.018000 0.012105
0.020000 0.018000 0.010355
0.025000 0.018000 0.008417
0.030000 0.018000 0.006781
0.035000 0.018000 0.005047
0.040000 0.018000 0.003215
0.045000 0.018000 0.001288
0.050000 0.018000 -0.000730
0.055000 0.018000 -0.002836
0.060000 0.018000 -0.005025
0.065000 0.018000 -0.007295
0.070000 0.018000 -0.009641
0.075000 0.018000 -0.012060
0.080000 0.018000 -0.014549
0.085000 0.018000 -0.017104
0.090000 0.018000 -0.019721
0.095000 0.018000 -0.022398
0.100000 0.018000 -0.025131
0.105000 0.018000 -0.027917
0.110000 0.018000 -0.030753
0.115000 0.018000 -0.033635
0.120000 0.018000 -0.035028
0.125000 0.018000 -0.035028
0.130000 0.018000 -0.035028
0.135000 0.018000 -0.035028
0.140000 0.018000 -0.035028
0.145000 0.018000 -0.035028
0.150000 0.018000 -0.035028
0.155000 0.018000 -0.035028
0.160000 0.018000 -0.035028
0.165000 0.018000 -0.035028
0.170000 0.018000 -0.035028
0.175000 0.018000 -0.035028
0.180000 0.018000 -0.035028
0.185000 0.018000 -0.035028
0.190000 0.018000 -0.035028
0.195000 0.018000 -0.035028
0.000000 0.019000 0.016915
0.005000 0.019000 0.015734
0.010000 0.019000 0.014342
0.015000 0.019000 0.012743
0.020000 0.019000 0.010944
0.025000 0.019000 0.008959
0.030000 0.019000 0.007152
0.035000 0.019000 0.005375
0.040000 0.019000 0.003500
0.045000 0.019000 0.001532
0.050000 0.019000 -0.000526
0.055000 0.019000 -0.002671
0.060000 0.019000 -0.004898
0.065000 0.019000 -0.007204
0.070000 0.019000 -0.009586
0.075000 0.019000 -0.012040
0.080000 0.019000 -0.014563
0.085000 0.019000 -0.017151
0.090000 0.019000 -0.019801
0.095000 0.019000 -0.022509
0.100000 0.019000 -0.025273
0.105000 0.019000 -0.028088
0.110000 0.019000 -0.030953
0.115000 0.019000 -0.033863
0.120000 0.019000 -0.036815
0.125000 0.019000 -0.036917
0.130000 0.019000 -0.036917
0.135000 0.019000 -0.036917
0.140000 0.019000 -0.036917
0.145000 0.019000 -0.036917
0.150000 0.019000 -0.036917
0.155000 0.019000 -0.036917
0.160000 0.019000 -0.036917
0.165000 0.019000 -0.036917
0.170000 0.019000 -0.036917
0.175000 0.019000 -0.036917
0.180000 0.019000 -0.036917
0.185000 0.019000 -0.036917
0.190000 0.019000 -0.036917
0.195000 0.019000 -0.036917
0.000000 0.020000 0.017694
0.005000 0.020000 0.016462
0.010000 0.020000 0.015018
0.015000 0.020000 0.013371
0.020000 0.020000 0.011523
0.025000 0.020000 0.009492
0.030000 0.020000 0.007508
0.035000 0.020000 0.005688
0.040000 0.020000 0.003772
0.045000 0.020000 0.001763
0.050000 0.020000 -0.000335
0.055000 0.020000 -0.002518
0.060000 0.020000 -0.004783
0.065000 0.020000 -0.007125
0.070000 0.020000 -0.009543
0.075000 0.020000 -0.012032
0.080000 0.020000 -0.014588
0.085000 0.020000 -0.017209
0.090000 0.020000 -0.019891
0.095000 0.020000 -0.022630
0.100000 0.020000 -0.025424
0.105000 0.020000 -0.028269
0.110000 0.020000 -0.031161
0.115000 0.020000 -0.034099
0.120000 0.020000 -0.037079
0.125000 0.020000 -0.038800
0.130000 0.020000 -0.038800
0.135000 0.020000 -0.038800
0.140000 0.020000 -0.038800
0.145000 0.020000 -0.038800
0.150000 0.020000 -0.038800
0.155000 0.020000 -0.038800
0.160000 0.020000 -0.038800
0.165000 0.020000 -0.038800
0.170000 0.020000 -0.038800
0.175000 0.020000 -0.038800
0.180000 0.020000 -0.038800
0.185000 0.020000 -0.038800
0.190000 0.020000 -0.038800
0.195000 0.020000 -0.038800
0.000000 0.021000 0.018463
0.005000 0.021000 0.017179
0.010000 0.021000 0.015685
0.015000 0.021000 0.013989
0.020000 0.021000 0.012095
0.025000 0.021000 0.010016
0.030000 0.021000 0.007849
0.035000 0.021000 0.005987
0.040000 0.021000 0.004030
0.045000 0.021000 0.001981
0.050000 0.021000 -0.000156
0.055000 0.021000 -0.002377
0.060000 0.021000 -0.004679
0.065000 0.021000 -0.007058
0.070000 0.021000 -0.009511
0.075000 0.021000 -0.012034
0.080000 0.021000 -0.014624
0.085000 0.021000 -0.017277
0.090000 0.021000 -0.019990
0.095000 0.021000 -0.022760
0.100000 0.021000 -0.025584
0.105000 0.021000 -0.028458
0.110000 0.021000 -0.031379
0.115000 0.021000 -0.034344
0.120000 0.021000 -0.037350
0.125000 0.021000 -0.040394
0.130000 0.021000 -0.040677
0.135000 0.021000 -0.040677
0.140000 0.021000 -0.040677
0.145000 0.021000 -0.040677
0.150000 0.021000 -0.040677
0.155000 0.021000 -0.040677
0.160000 0.021000 -0.040677
0.165000 0.021000 -0.040677
0.170000 0.021000 -0.040677
0.175000 0.021000 -0.040677
0.180000 0.021000 -0.040677
0.185000 0.021000 -0.040677
0.190000 0.021000 -0.040677
0.195000 0.021000 -0.040677
0.000000 0.022000 0.019221
0.005000 0.022000 0.017885
0.010000 0.022000 0.016343
0.015000 0.022000 0.014598
0.020000 0.022000 0.012657
0.025000 0.022000 0.010532
0.030000 0.022000 0.008230
0.035000 0.022000 0.006272
0.040000 0.022000 0.004274
0.045000 0.022000 0.002185
0.050000 0.022000 0.000009
0.055000 0.022000 -0.002250
0.060000 0.022000 -0.004588
0.065000 0.022000 -0.007003
0.070000 0.022000 -0.009491
0.075000 0.022000 -0.012048
0.080000 0.022000 -0.014670
0.085000 0.022000 -0.017356
0.090000 0.022000 -0.020100
0.095000 0.022000 -0.022900
0.100000 0.022000 -0.025753
0.105000 0.022000 -0.028656
0.110000 0.022000 -0.031605
0.115000 0.022000 -0.034597
0.120000 0.022000 -0.037629
0.125000 0.022000 -0.040699
0.130000 0.022000 -0.042548
0.135000 0.022000 -0.042548
0.140000 0.022000 -0.042548
0.145000 0.022000 -0.042548
0.150000 0.022000 -0.042548
0.155000 0.022000 -0.042548
0.160000 0.022000 -0.042548
0.165000 0.022000 -0.042548
0.170000 0.022000 -0.042548
0.175000 0.022000 -0.042548
0.180000 0.022000 -0.042548
0.185000 0.022000 -0.042548
0.190000 0.022000 -0.042548
0.195000 0.022000 -0.042548
0.000000 0.023000 0.019969
0.005000 0.023000 0.018582
0.010000 0.023000 0.016990
0.015000 0.023000 0.015198
0.020000 0.023000 0.013210
0.025000 0.023000 0.011038
0.030000 0.023000 0.008693
0.035000 0.023000 0.006543
0.040000 0.023000 0.004504
0.045000 0.023000 0.002376
0.050000 0.023000 0.000162
0.055000 0.023000 -0.002134
0.060000 0.023000 -0.004509
0.065000 0.023000 -0.006959
0.070000 0.023000 -0.009482
0.075000 0.023000 -0.012072
0.080000 0.023000 -0.014727
0.085000 0.023000 -0.017444
0.090000 0.023000 -0.020219
0.095000 0.023000 -0.023050
0.100000 0.023000 -0.025932
0.105000 0.023000 -0.028863
0.110000 0.023000 -0.031839
0.115000 0.023000 -0.034858
0.120000 0.023000 -0.037916
0.125000 0.023000 -0.041011
0.130000 0.023000 -0.044139
0.135000 0.023000 -0.044413
0.140000 0.023000 -0.044413
0.145000 0.023000 -0.044413
0.150000 0.023000 -0.044413
0.155000 0.023000 -0.044413
0.160000 0.023000 -0.044413
0.165000 0.023000 -0.044413
0.170000 0.023000 -0.044413
0.175000 0.023000 -0.044413
0.180000 0.023000 -0.044413
0.185000 0.023000 -0.044413
0.190000 0.023000 -0.044413
0.195000 0.023000 -0.044413
0.000000 0.024000 0.020707
0.005000 0.024000 0.019269
0.010000 0.024000 0.017627
0.015000 0.024000 0.015788
0.020000 0.024000 0.013755
0.025000 0.024000 0.011536
0.030000 0.024000 0.009147
0.035000 0.024000 0.006800
0.040000 0.024000 0.004722
0.045000 0.024000 0.002554
0.050000 0.024000 0.000302
0.055000 0.024000 -0.002031
0.060000 0.024000 -0.004442
0.065000 0.024000 -0.006927
0.070000 0.024000 -0.009483
0.075000 0.024000 -0.012107
0.080000 0.024000 -0.014795
0.085000 0.024000 -0.017543
0.090000 0.024000 -0.020349
0.095000 0.024000 -0.023209
0.100000 0.024000 -0.026120
0.105000 0.024000 -0.029079
0.110000 0.024000 -0.032082
0.115000 0.024000 -0.035128
0.120000 0.024000 -0.038212
0.125000 0.024000 -0.041331
0.130000 0.024000 -0.044484
0.135000 0.024000 -0.046272
0.140000 0.024000 -0.046272
0.145000 0.024000 -0.046272
0.150000 0.024000 -0.046272
0.155000 0.024000 -0.046272
0.160000 0.024000 -0.046272
0.165000 0.024000 -0.046272
0.170000 0.024000 -0.046272
0.175000 0.024000 -0.046272
0.180000 0.024000 -0.046272
0.185000 0.024000 -0.046272
0.190000 0.024000 -0.046272
0.195000 0.024000 -0.046272
0.000000 0.025000 0.021434
0.005000 0.025000 0.019946
0.010000 0.025000 0.018255
0.015000 0.025000 0.016368
0.020000 0.025000 0.014290
0.025000 0.025000 0.012024
0.030000 0.025000 0.009592
0.035000 0.025000 0.007044
0.040000 0.025000 0.004926
0.045000 0.025000 0.002720
0.050000 0.025000 0.000430
0.055000 0.025000 -0.001940
0.060000 0.025000 -0.004387
0.065000 0.025000 -0.006906
0.070000 0.025000 -0.009496
0.075000 0.025000 -0.012153
0.080000 0.025000 -0.014872
0.085000 0.025000 -0.017652
0.090000 0.025000 -0.020487
0.095000 0.025000 -0.023377
0.100000 0.025000 -0.026316
0.105000 0.025000 -0.029303
0.110000 0.025000 -0.032333
0.115000 0.025000 -0.035405
0.120000 0.025000 -0.038514
0.125000 0.025000 -0.041659
0.130000 0.025000 -0.044835
0.135000 0.025000 -0.048040
0.140000 0.025000 -0.048125
0.145000 0.025000 -0.048125
0.150000 0.025000 -0.048125
0.155000 0.025000 -0.048125
0.160000 0.025000 -0.048125
0.165000 0.025000 -0.048125
0.170000 0.025000 -0.048125
0.175000 0.025000 -0.048125
0.180000 0.025000 -0.048125
0.185000 0.025000 -0.048125
0.190000 0.025000 -0.048125
0.195000 0.025000 -0.048125
0.000000 0.026000 0.022150
0.005000 0.026000 0.020612
0.010000 0.026000 0.018874
0.015000 0.026000 0.016940
0.020000 0.026000 0.014816
0.025000 0.026000 0.012507
0.030000 0.026000 0.010029
0.035000 0.026000 0.007387
0.040000 0.026000 0.005116
0.045000 0.026000 0.002872
0.050000 0.026000 0.000545
0.055000 0.026000 -0.001861
0.060000 0.026000 -0.004343
0.065000 0.026000 -0.006897
0.070000 0.026000 -0.009520
0.075000 0.026000 -0.012209
0.080000 0.026000 -0.014960
0.085000 0.026000 -0.017770
0.090000 0.026000 -0.020636
0.095000 0.026000 -0.023554
0.100000 0.026000 -0.026522
0.105000 0.026000 -0.029536
0.110000 0.026000 -0.032593
0.115000 0.026000 -0.035690
0.120000 0.026000 -0.038825
0.125000 0.026000 -0.041994
0.130000 0.026000 -0.045193
0.135000 0.026000 -0.048422
0.140000 0.026000 -0.049972
0.145000 0.026000 -0.049972
0.150000 0.026000 -0.049972
0.155000 0.026000 -0.049972
0.160000 0.026000 -0.049972
0.165000 0.026000 -0.049972
0.170000 0.026000 -0.049972
0.175000 0.026000 -0.049972
0.180000 0.026000 -0.049972
0.185000 0.026000 -0.049972
0.190000 0.026000 -0.049972
0.195000 0.026000 -0.049972
0.000000 0.027000 0.022857
0.005000 0.027000 0.021269
0.010000 0.027000 0.019483
0.015000 0.027000 0.017502
0.020000 0.027000 0.015333
0.025000 0.027000 0.012980
0.030000 0.027000 0.010458
0.035000 0.027000 0.007775
0.040000 0.027000 0.005294
0.045000 0.027000 0.003012
0.050000 0.027000 0.000648
0.055000 0.027000 -0.001794
0.060000 0.027000 -0.004310
0.065000 0.027000 -0.006899
0.070000 0.027000 -0.009555
0.075000 0.027000 -0.012276
0.080000 0.027000 -0.015058
0.085000 0.027000 -0.017898
0.090000 0.027000 -0.020794
0.095000 0.027000 -0.023741
0.100000 0.027000 -0.026736
0.105000 0.027000 -0.029777
0.110000 0.027000 -0.032861
0.115000 0.027000 -0.035984
0.120000 0.027000 -0.039143
0.125000 0.027000 -0.042336
0.130000 0.027000 -0.045559
0.135000 0.027000 -0.048810
0.140000 0.027000 -0.051813
0.145000 0.027000 -0.051813
0.150000 0.027000 -0.051813
0.155000 0.027000 -0.051813
0.160000 0.027000 -0.051813
0.165000 0.027000 -0.051813
0.170000 0.027000 -0.051813
0.175000 0.027000 -0.051813
0.180000 0.027000 -0.051813
0.185000 0.027000 -0.051813
0.190000 0.027000 -0.051813
0.195000 0.027000 -0.051813
0.000000 0.028000 0.023553
0.005000 0.028000 0.021916
0.010000 0.028000 0.020082
0.015000 0.028000 0.018055
0.020000 0.028000 0.015841
0.025000 0.028000 0.013445
0.030000 0.028000 0.010879
0.035000 0.028000 0.008155
0.040000 0.028000 0.005459
0.045000 0.028000 0.003139
0.050000 0.028000 0.000739
0.055000 0.028000 -0.001738
0.060000 0.028000 -0.004290
0.065000 0.028000 -0.006911
0.070000 0.028000 -0.009600
0.075000 0.028000 -0.012353
0.080000 0.028000 -0.015166
0.085000 0.028000 -0.018037
0.090000 0.028000 -0.020961
0.095000 0.028000 -0.023936
0.100000 0.028000 -0.026959
0.105000 0.028000 -0.030027
0.110000 0.028000 -0.033137
0.115000 0.028000 -0.036285
0.120000 0.028000 -0.039469
0.125000 0.028000 -0.042685
0.130000 0.028000 -0.045932
0.135000 0.028000 -0.049205
0.140000 0.028000 -0.052503
0.145000 0.028000 -0.053648
0.150000 0.028000 -0.053648
0.155000 0.028000 -0.053648
0.160000 0.028000 -0.053648
0.165000 0.028000 -0.053648
0.170000 0.028000 -0.053648
0.175000 0.028000 -0.053648
0.180000 0.028000 -0.053648
0.185000 0.028000 -0.053648
0.190000 0.028000 -0.053648
0.195000 0.028000 -0.053648
0.000000 0.029000 0.024240
0.005000 0.029000 0.022554
0.010000 0.029000 0.020672
0.015000 0.029000 0.018599
0.020000 0.029000 0.016341
0.025000 0.029000 0.013902
0.030000 0.029000 0.011291
0.035000 0.029000 0.008526
0.040000 0.029000 0.005610
0.045000 0.029000 0.003254
0.050000 0.029000 0.000818
0.055000 0.029000 -0.001695
0.060000 0.029000 -0.004280
0.065000 0.029000 -0.006935
0.070000 0.029000 -0.009656
0.075000 0.029000 -0.012440
0.080000 0.029000 -0.015284
0.085000 0.029000 -0.018184
0.090000 0.029000 -0.021138
0.095000 0.029000 -0.024141
0.100000 0.029000 -0.027191
0.105000 0.029000 -0.030286
0.110000 0.029000 -0.033421
0.115000 0.029000 -0.036594
0.120000 0.029000 -0.039802
0.125000 0.029000 -0.043042
0.130000 0.029000 -0.046311
0.135000 0.029000 -0.049606
0.140000 0.029000 -0.052926
0.145000 0.029000 -0.055477
0.150000 0.029000 -0.055477
0.155000 0.029000 -0.055477
0.160000 0.029000 -0.055477
0.165000 0.029000 -0.055477
0.170000 0.029000 -0.055477
0.175000 0.029000 -0.055477
0.180000 0.029000 -0.055477
0.185000 0.029000 -0.055477
0.190000 0.029000 -0.055477
0.195000 0.029000 -0.055477
0.000000 0.030000 0.024916
0.005000 0.030000 0.023181
0.010000 0.030000 0.021252
0.015000 0.030000 0.019134
0.020000 0.030000 0.016832
0.025000 0.030000 0.014350
0.030000 0.030000 0.011695
0.035000 0.030000 0.008890
0.040000 0.030000 0.005929
0.045000 0.030000 0.003357
0.050000 0.030000 0.000885
0.055000 0.030000 -0.001663
0.060000 0.030000 -0.004282
0.065000 0.030000 -0.006970
0.070000 0.030000 -0.009723
0.075000 0.030000 -0.012538
0.080000 0.030000 -0.015412
0.085000 0.030000 -0.018341
0.090000 0.030000 -0.021323
0.095000 0.030000 -0.024354
0.100000 0.030000 -0.027432
0.105000 0.030000 -0.030552
0.110000 0.030000 -0.033713
0.115000 0.030000 -0.036910
0.120000 0.030000 -0.040142
0.125000 0.030000 -0.043405
0.130000 0.030000 -0.046697
0.135000 0.030000 -0.050014
0.140000 0.030000 -0.053355
0.145000 0.030000 -0.056715
0.150000 0.030000 -0.057300
0.155000 0.030000 -0.057300
0.160000 0.030000 -0.057300
0.165000 0.030000 -0.057300
0.170000 0.030000 -0.057300
0.175000 0.030000 -0.057300
0.180000 0.030000 -0.057300
0.185000 0.030000 -0.057300
0.190000 0.030000 -0.057300
0.195000 0.030000 -0.057300
0.000000 0.031000 0.025582
0.005000 0.031000 0.023799
0.010000 0.031000 0.021824
0.015000 0.031000 0.019660
0.020000 0.031000 0.017314
0.025000 0.031000 0.014790
0.030000 0.031000 0.012094
0.035000 0.031000 0.009246
0.040000 0.031000 0.006247
0.045000 0.031000 0.003447
0.050000 0.031000 0.000939
0.055000 0.031000 -0.001642
0.060000 0.031000 -0.004295
0.065000 0.031000 -0.007015
0.070000 0.031000 -0.009800
0.075000 0.031000 -0.012646
0.080000 0.031000 -0.015550
0.085000 0.031000 -0.018508
0.090000 0.031000 -0.021518
0.095000 0.031000 -0.024577
0.100000 0.031000 -0.027681
0.105000 0.031000 -0.030827
0.110000 0.031000 -0.034012
0.115000 0.031000 -0.037234
0.120000 0.031000 -0.040490
0.125000 0.031000 -0.043776
0.130000 0.031000 -0.047090
0.135000 0.031000 -0.050429
0.140000 0.031000 -0.053790
0.145000 0.031000 -0.057171
0.150000 0.031000 -0.059117
0.155000 0.031000 -0.059117
0.160000 0.031000 -0.059117
0.165000 0.031000 -0.059117
0.170000 0.031000 -0.059117
0.175000 0.031000 -0.059117
0.180000 0.031000 -0.059117
0.185000 0.031000 -0.059117
0.190000 0.031000 -0.059117
0.195000 0.031000 -0.059117
0.000000 0.032000 0.026239
0.005000 0.032000 0.024408
0.010000 0.032000 0.022386
0.015000 0.032000 0.020177
0.020000 0.032000 0.017788
0.025000 0.032000 0.015222
0.030000 0.032000 0.012485
0.035000 0.032000 0.009594
0.040000 0.032000 0.006556
0.045000 0.032000 0.003525
0.050000 0.032000 0.000983
0.055000 0.032000 -0.001633
0.060000 0.032000 -0.004319
0.065000 0.032000 -0.007071
0.070000 0.032000 -0.009887
0.075000 0.032000 -0.012764
0.080000 0.032000 -0.015697
0.085000 0.032000 -0.018684
0.090000 0.032000 -0.021722
0.095000 0.032000 -0.024808
0.100000 0.032000 -0.027938
0.105000 0.032000 -0.031110
0.110000 0.032000 -0.034320
0.115000 0.032000 -0.037566
0.120000 0.032000 -0.040845
0.125000 0.032000 -0.044154
0.130000 0.032000 -0.047489
0.135000 0.032000 -0.050850
0.140000 0.032000 -0.054232
0.145000 0.032000 -0.057632
0.150000 0.032000 -0.060928
0.155000 0.032000 -0.060928
0.160000 0.032000 -0.060928
0.165000 0.032000 -0.060928
0.170000 0.032000 -0.060928
0.175000 0.032000 -0.060928
0.180000 0.032000 -0.060928
0.185000 0.032000 -0.060928
0.190000 0.032000 -0.060928
0.195000 0.032000 -0.060928
0.000000 0.033000 0.026886
0.005000 0.033000 0.025007
0.010000 0.033000 0.022938
0.015000 0.033000 0.020685
0.020000 0.033000 0.018253
0.025000 0.033000 0.015645
0.030000 0.033000 0.012868
0.035000 0.033000 0.009934
0.040000 0.033000 0.006858
0.045000 0.033000 0.003637
0.050000 0.033000 0.001014
0.055000 0.033000 -0.001635
0.060000 0.033000 -0.004354
0.065000 0.033000 -0.007138
0.070000 0.033000 -0.009985
0.075000 0.033000 -0.012891
0.080000 0.033000 -0.015854
0.085000 0.033000 -0.018869
0.090000 0.033000 -0.021935
0.095000 0.033000 -0.025047
0.100000 0.033000 -0.028203
0.105000 0.033000 -0.031400
0.110000 0.033000 -0.034635
0.115000 0.033000 -0.037905
0.120000 0.033000 -0.041207
0.125000 0.033000 -0.044538
0.130000 0.033000 -0.047896
0.135000 0.033000 -0.051277
0.140000 0.033000 -0.054679
0.145000 0.033000 -0.058100
0.150000 0.033000 -0.061536
0.155000 0.033000 -0.062733
0.160000 0.033000 -0.062733
0.165000 0.033000 -0.062733
0.170000 0.033000 -0.062733
0.175000 0.033000 -0.062733
0.180000 0.033000 -0.062733
0.185000 0.033000 -0.062733
0.190000 0.033000 -0.062733
0.195000 0.033000 -0.062733
0.000000 0.034000 0.027522
0.005000 0.034000 0.025596
0.010000 0.034000 0.023482
0.015000 0.034000 0.021185
0.020000 0.034000 0.018709
0.025000 0.034000 0.016060
0.030000 0.034000 0.013243
0.035000 0.034000 0.010266
0.040000 0.034000 0.007153
0.045000 0.034000 0.003895
0.050000 0.034000 0.001034
0.055000 0.034000 -0.001649
0.060000 0.034000 -0.004400
0.065000 0.034000 -0.007215
0.070000 0.034000 -0.010093
0.075000 0.034000 -0.013029
0.080000 0.034000 -0.016020
0.085000 0.034000 -0.019064
0.090000 0.034000 -0.022157
0.095000 0.034000 -0.025295
0.100000 0.034000 -0.028477
0.105000 0.034000 -0.031699
0.110000 0.034000 -0.034958
0.115000 0.034000 -0.038251
0.120000 0.034000 -0.041576
0.125000 0.034000 -0.044929
0.130000 0.034000 -0.048308
0.135000 0.034000 -0.051710
0.140000 0.034000 -0.055132
0.145000 0.034000 -0.058573
0.150000 0.034000 -0.062028
0.155000 0.034000 -0.064532
0.160000 0.034000 -0.064532
0.165000 0.034000 -0.064532
0.170000 0.034000 -0.064532
0.175000 0.034000 -0.064532
0.180000 0.034000 -0.064532
0.185000 0.034000 -0.064532
0.190000 0.034000 -0.064532
0.195000 0.034000 -0.064532
0.000000 0.035000 0.028150
0.005000 0.035000 0.026177
0.010000 0.035000 0.024017
0.015000 0.035000 0.021676
0.020000 0.035000 0.019158
0.025000 0.035000 0.016468
0.030000 0.035000 0.013611
0.035000 0.035000 0.010591
0.040000 0.035000 0.007440
0.045000 0.035000 0.004147
0.050000 0.035000 0.001042
0.055000 0.035000 -0.001673
0.060000 0.035000 -0.004456
0.065000 0.035000 -0.007303
0.070000 0.035000 -0.010211
0.075000 0.035000 -0.013176
0.080000 0.035000 -0.016196
0.085000 0.035000 -0.019267
0.090000 0.035000 -0.022387
0.095000 0.035000 -0.025552
0.100000 0.035000 -0.028759
0.105000 0.035000 -0.032006
0.110000 0.035000 -0.035289
0.115000 0.035000 -0.038605
0.120000 0.035000 -0.041952
0.125000 0.035000 -0.045327
0.130000 0.035000 -0.048727
0.135000 0.035000 -0.052150
0.140000 0.035000 -0.055592
0.145000 0.035000 -0.059051
0.150000 0.035000 -0.062525
0.155000 0.035000 -0.066011
0.160000 0.035000 -0.066325
0.165000 0.035000 -0.066325
0.170000 0.035000 -0.066325
0.175000 0.035000 -0.066325
0.180000 0.035000 -0.066325
0.185000 0.035000 -0.066325
0.190000 0.035000 -0.066325
0.195000 0.035000 -0.066325
0.000000 0.036000 0.028767
0.005000 0.036000 0.026748
0.010000 0.036000 0.024543
0.015000 0.036000 0.022158
0.020000 0.036000 0.019597
0.025000 0.036000 0.016867
0.030000 0.036000 0.013970
0.035000 0.036000 0.010913
0.040000 0.036000 0.007720
0.045000 0.036000 0.004391
0.050000 0.036000 0.001039
0.055000 0.036000 -0.001709
0.060000 0.036000 -0.004523
0.065000 0.036000 -0.007401
0.070000 0.036000 -0.010339
0.075000 0.036000 -0.013333
0.080000 0.036000 -0.016381
0.085000 0.036000 -0.019480
0.090000 0.036000 -0.022626
0.095000 0.036000 -0.025817
0.100000 0.036000 -0.029049
0.105000 0.036000 -0.032320
0.110000 0.036000 -0.035626
0.115000 0.036000 -0.038966
0.120000 0.036000 -0.042335
0.125000 0.036000 -0.045732
0.130000 0.036000 -0.049153
0.135000 0.036000 -0.052595
0.140000 0.036000 -0.056057
0.145000 0.036000 -0.059535
0.150000 0.036000 -0.063027
0.155000 0.036000 -0.066531
0.160000 0.036000 -0.068112
0.165000 0.036000 -0.068112
0.170000 0.036000 -0.068112
0.175000 0.036000 -0.068112
0.180000 0.036000 -0.068112
0.185000 0.036000 -0.068112
0.190000 0.036000 -0.068112
0.195000 0.036000 -0.068112
0.000000 0.037000 0.029375
0.005000 0.037000 0.027309
0.010000 0.037000 0.025060
0.015000 0.037000 0.022631
0.020000 0.037000 0.020029
0.025000 0.037000 0.017258
0.030000 0.037000 0.014322
0.035000 0.037000 0.011227
0.040000 0.037000 0.007993
0.045000 0.037000 0.004628
0.050000 0.037000 0.001127
0.055000 0.037000 -0.001755
0.060000 0.037000 -0.004601
0.065000 0.037000 -0.007509
0.070000 0.037000 -0.010476
0.075000 0.037000 -0.013500
0.080000 0.037000 -0.016576
0.085000 0.037000 -0.019701
0.090000 0.037000 -0.022874
0.095000 0.037000 -0.026090
0.100000 0.037000 -0.029347
0.105000 0.037000 -0.032642
0.110000 0.037000 -0.035972
0.115000 0.037000 -0.039334
0.120000 0.037000 -0.042725
0.125000 0.037000 -0.046143
0.130000 0.037000 -0.049584
0.135000 0.037000 -0.053047
0.140000 0.037000 -0.056528
0.145000 0.037000 -0.060025
0.150000 0.037000 -0.063535
0.155000 0.037000 -0.067056
0.160000 0.037000 -0.069893
0.165000 0.037000 -0.069893
0.170000 0.037000 -0.069893
0.175000 0.037000 -0.069893
0.180000 0.037000 -0.069893
0.185000 0.037000 -0.069893
0.190000 0.037000 -0.069893
0.195000 0.037000 -0.069893
0.000000 0.038000 0.029974
0.005000 0.038000 0.027862
0.010000 0.038000 0.025567
0.015000 0.038000 0.023096
0.020000 0.038000 0.020452
0.025000 0.038000 0.017641
0.030000 0.038000 0.014666
0.035000 0.038000 0.011534
0.040000 0.038000 0.008259
0.045000 0.038000 0.004858
0.050000 0.038000 0.001323
0.055000 0.038000 -0.001813
0.060000 0.038000 -0.004689
0.065000 0.038000 -0.007628
0.070000 0.038000 -0.010624
0.075000 0.038000 -0.013676
0.080000 0.038000 -0.016779
0.085000 0.038000 -0.019932
0.090000 0.038000 -0.023130
0.095000 0.038000 -0.026372
0.100000 0.038000 -0.029653
0.105000 0.038000 -0.032972
0.110000 0.038000 -0.036324
0.115000 0.038000 -0.039709
0.120000 0.038000 -0.043122
0.125000 0.038000 -0.046560
0.130000 0.038000 -0.050022
0.135000 0.038000 -0.053504
0.140000 0.038000 -0.057005
0.145000 0.038000 -0.060520
0.150000 0.038000 -0.064048
0.155000 0.038000 -0.067587
0.160000 0.038000 -0.071133
0.165000 0.038000 -0.071668
0.170000 0.038000 -0.071668
0.175000 0.038000 -0.071668
0.180000 0.038000 -0.071668
0.185000 0.038000 -0.071668
0.190000 0.038000 -0.071668
0.195000 0.038000 -0.071668
0.000000 0.039000 0.030563
0.005000 0.039000 0.028405
0.010000 0.039000 0.026067
0.015000 0.039000 0.023552
0.020000 0.039000 0.020867
0.025000 0.039000 0.018016
0.030000 0.039000 0.015003
0.035000 0.039000 0.011833
0.040000 0.039000 0.008517
0.045000 0.039000 0.005081
0.050000 0.039000 0.001512
0.055000 0.039000 -0.001881
0.060000 0.039000 -0.004788
0.065000 0.039000 -0.007756
0.070000 0.039000 -0.010781
0.075000 0.039000 -0.013861
0.080000 0.039000 -0.016992
0.085000 0.039000 -0.020171
0.090000 0.039000 -0.023395
0.095000 0.039000 -0.026661
0.100000 0.039000 -0.029967
0.105000 0.039000 -0.033309
0.110000 0.039000 -0.036684
0.115000 0.039000 -0.040091
0.120000 0.039000 -0.043525
0.125000 0.039000 -0.046984
0.130000 0.039000 -0.050466
0.135000 0.039000 -0.053968
0.140000 0.039000 -0.057487
0.145000 0.039000 -0.061021
0.150000 0.039000 -0.064566
0.155000 0.039000 -0.068122
0.160000 0.039000 -0.071684
0.165000 0.039000 -0.073437
0.170000 0.039000 -0.073437
0.175000 0.039000 -0.073437
0.180000 0.039000 -0.073437
0.185000 0.039000 -0.073437
0.190000 0.039000 -0.073437
0.195000 0.039000 -0.073437
0.000000 0.040000 0.031143
0.005000 0.040000 0.028939
0.010000 0.040000 0.026557
0.015000 0.040000 0.024000
0.020000 0.040000 0.021274
0.025000 0.040000 0.018383
0.030000 0.040000 0.015332
0.035000 0.040000 0.012125
0.040000 0.040000 0.008768
0.045000 0.040000 0.005297
0.050000 0.040000 0.001695
0.055000 0.040000 -0.001959
0.060000 0.040000 -0.004897
0.065000 0.040000 -0.007894
0.070000 0.040000 -0.010948
0.075000 0.040000 -0.014055
0.080000 0.040000 -0.017213
0.085000 0.040000 -0.020418
0.090000 0.040000 -0.023668
0.095000 0.040000 -0.026959
0.100000 0.040000 -0.030288
0.105000 0.040000 -0.033653
0.110000 0.040000 -0.037051
0.115000 0.040000 -0.040479
0.120000 0.040000 -0.043935
0.125000 0.040000 -0.047415
0.130000 0.040000 -0.050916
0.135000 0.040000 -0.054437
0.140000 0.040000 -0.057975
0.145000 0.040000 -0.061526
0.150000 0.040000 -0.065090
0.155000 0.040000 -0.068662
0.160000 0.040000 -0.072241
0.165000 0.040000 -0.075200
0.170000 0.040000 -0.075200
0.175000 0.040000 -0.075200
0.180000 0.040000 -0.075200
0.185000 0.040000 -0.075200
0.190000 0.040000 -0.075200
0.195000 0.040000 -0.075200
0.000000 0.041000 0.031713
0.005000 0.041000 0.029465
0.010000 0.041000 0.027039
0.015000 0.041000 0.024440
0.020000 0.041000 0.021673
0.025000 0.041000 0.018743
0.030000 0.041000 0.015654
0.035000 0.041000 0.012410
0.040000 0.041000 0.009018
0.045000 0.041000 0.005507
0.050000 0.041000 0.001871
0.055000 0.041000 -0.001889
0.060000 0.041000 -0.005016
0.065000 0.041000 -0.008042
0.070000 0.041000 -0.011124
0.075000 0.041000 -0.014259
0.080000 0.041000 -0.017444
0.085000 0.041000 -0.020675
0.090000 0.041000 -0.023949
0.095000 0.041000 -0.027264
0.100000 0.041000 -0.030617
0.105000 0.041000 -0.034005
0.110000 0.041000 -0.037426
0.115000 0.041000 -0.040875
0.120000 0.041000 -0.044351
0.125000 0.041000 -0.047851
0.130000 0.041000 -0.051372
0.135000 0.041000 -0.054912
0.140000 0.041000 -0.058468
0.145000 0.041000 -0.062038
0.150000 0.041000 -0.065618
0.155000 0.041000 -0.069207
0.160000 0.041000 -0.072802
0.165000 0.041000 -0.076400
0.170000 0.041000 -0.076957
0.175000 0.041000 -0.076957
0.180000 0.041000 -0.076957
0.185000 0.041000 -0.076957
0.190000 0.041000 -0.076957
0.195000 0.041000 -0.076957
0.000000 0.042000 0.032274
0.005000 0.042000 0.029981
0.010000 0.042000 0.027512
0.015000 0.042000 0.024871
0.020000 0.042000 0.022064
0.025000 0.042000 0.019094
0.030000 0.042000 0.015968
0.035000 0.042000 0.012688
0.040000 0.042000 0.009261
0.045000 0.042000 0.005709
0.050000 0.042000 0.002041
0.055000 0.042000 -0.001751
0.060000 0.042000 -0.005145
0.065000 0.042000 -0.008200
0.070000 0.042000 -0.011310
0.075000 0.042000 -0.014472
0.080000 0.042000 -0.017683
0.085000 0.042000 -0.020939
0.090000 0.042000 -0.024239
0.095000 0.042000 -0.027578
0.100000 0.042000 -0.030954
0.105000 0.042000 -0.034365
0.110000 0.042000 -0.037807
0.115000 0.042000 -0.041277
0.120000 0.042000 -0.044774
0.125000 0.042000 -0.048294
0.130000 0.042000 -0.051834
0.135000 0.042000 -0.055393
0.140000 0.042000 -0.058967
0.145000 0.042000 -0.062554
0.150000 0.042000 -0.066151
0.155000 0.042000 -0.069756
0.160000 0.042000 -0.073367
0.165000 0.042000 -0.076981
0.170000 0.042000 -0.078708
0.175000 0.042000 -0.078708
0.180000 0.042000 -0.078708
0.185000 0.042000 -0.078708
0.190000 0.042000 -0.078708
0.195000 0.042000 -0.078708
0.000000 0.043000 0.032826
0.005000 0.043000 0.030489
0.010000 0.043000 0.027977
0.015000 0.043000 0.025294
0.020000 0.043000 0.022447
0.025000 0.043000 0.019438
0.030000 0.043000 0.016274
0.035000 0.043000 0.012959
0.040000 0.043000 0.009497
0.045000 0.043000 0.005905
0.050000 0.043000 0.002204
0.055000 0.043000 -0.001620
0.060000 0.043000 -0.005284
0.065000 0.043000 -0.008368
0.070000 0.043000 -0.011505
0.075000 0.043000 -0.014694
0.080000 0.043000 -0.017931
0.085000 0.043000 -0.021212
0.090000 0.043000 -0.024536
0.095000 0.043000 -0.027899
0.100000 0.043000 -0.031298
0.105000 0.043000 -0.034731
0.110000 0.043000 -0.038195
0.115000 0.043000 -0.041686
0.120000 0.043000 -0.045203
0.125000 0.043000 -0.048743
0.130000 0.043000 -0.052302
0.135000 0.043000 -0.055879
0.140000 0.043000 -0.059471
0.145000 0.043000 -0.063075
0.150000 0.043000 -0.066689
0.155000 0.043000 -0.070310
0.160000 0.043000 -0.073937
0.165000 0.043000 -0.077566
0.170000 0.043000 -0.080453
0.175000 0.043000 -0.080453
0.180000 0.043000 -0.080453
0.185000 0.043000 -0.080453
0.190000 0.043000 -0.080453
0.195000 0.043000 -0.080453
0.000000 0.044000 0.033369
0.005000 0.044000 0.030988
0.010000 0.044000 0.028433
0.015000 0.044000 0.025709
0.020000 0.044000 0.022822
0.025000 0.044000 0.019775
0.030000 0.044000 0.016574
0.035000 0.044000 0.013223
0.040000 0.044000 0.009726
0.045000 0.044000 0.006095
0.050000 0.044000 0.002360
0.055000 0.044000 -0.001494
0.060000 0.044000 -0.005433
0.065000 0.044000 -0.008545
0.070000 0.044000 -0.011710
0.075000 0.044000 -0.014925
0.080000 0.044000 -0.018187
0.085000 0.044000 -0.021494
0.090000 0.044000 -0.024842
0.095000 0.044000 -0.028228
0.100000 0.044000 -0.031650
0.105000 0.044000 -0.035105
0.110000 0.044000 -0.038590
0.115000 0.044000 -0.042102
0.120000 0.044000 -0.045639
0.125000 0.044000 -0.049198
0.130000 0.044000 -0.052776
0.135000 0.044000 -0.056371
0.140000 0.044000 -0.059981
0.145000 0.044000 -0.063602
0.150000 0.044000 -0.067232
0.155000 0.044000 -0.070869
0.160000 0.044000 -0.074511
0.165000 0.044000 -0.078155
0.170000 0.044000 -0.081798
0.175000 0.044000 -0.082192
0.180000 0.044000 -0.082192
0.185000 0.044000 -0.082192
0.190000 0.044000 -0.082192
0.195000 0.044000 -0.082192
0.000000 0.045000 0.033903
0.005000 0.045000 0.031478
0.010000 0.045000 0.028880
0.015000 0.045000 0.026116
0.020000 0.045000 0.023189
0.025000 0.045000 0.020104
0.030000 0.045000 0.016866
0.035000 0.045000 0.013479
0.040000 0.045000 0.009948
0.045000 0.045000 0.006278
0.050000 0.045000 0.002511
0.055000 0.045000 -0.001375
0.060000 0.045000 -0.005375
0.065000 0.045000 -0.008731
0.070000 0.045000 -0.011923
0.075000 0.045000 -0.015164
0.080000 0.045000 -0.018452
0.085000 0.045000 -0.021783
0.090000 0.045000 -0.025155
0.095000 0.045000 -0.028565
0.100000 0.045000 -0.032009
0.105000 0.045000 -0.035486
0.110000 0.045000 -0.038992
0.115000 0.045000 -0.042524
0.120000 0.045000 -0.046081
0.125000 0.045000 -0.049659
0.130000 0.045000 -0.053256
0.135000 0.045000 -0.056869
0.140000 0.045000 -0.060495
0.145000 0.045000 -0.064133
0.150000 0.045000 -0.067780
0.155000 0.045000 -0.071432
0.160000 0.045000 -0.075089
0.165000 0.045000 -0.078748
0.170000 0.045000 -0.082405
0.175000 0.045000 -0.083925
0.180000 0.045000 -0.083925
0.185000 0.045000 -0.083925
0.190000 0.045000 -0.083925
0.195000 0.045000 -0.083925
0.000000 0.046000 0.034428
0.005000 0.046000 0.031959
0.010000 0.046000 0.029319
0.015000 0.046000 0.026514
0.020000 0.046000 0.023548
0.025000 0.046000 0.020425
0.030000 0.046000 0.017151
0.035000 0.046000 0.013729
0.040000 0.046000 0.010164
0.045000 0.046000 0.006461
0.050000 0.046000 0.002655
0.055000 0.046000 -0.001262
0.060000 0.046000 -0.005292
0.065000 0.046000 -0.008927
0.070000 0.046000 -0.012146
0.075000 0.046000 -0.015413
0.080000 0.046000 -0.018725
0.085000 0.046000 -0.022081
0.090000 0.046000 -0.025476
0.095000 0.046000 -0.028909
0.100000 0.046000 -0.032375
0.105000 0.046000 -0.035873
0.110000 0.046000 -0.039400
0.115000 0.046000 -0.042953
0.120000 0.046000 -0.046529
0.125000 0.046000 -0.050126
0.130000 0.046000 -0.053741
0.135000 0.046000 -0.057371
0.140000 0.046000 -0.061015
0.145000 0.046000 -0.064669
0.150000 0.046000 -0.068332
0.155000 0.046000 -0.072000
0.160000 0.046000 -0.075672
0.165000 0.046000 -0.079345
0.170000 0.046000 -0.083016
0.175000 0.046000 -0.085652
0.180000 0.046000 -0.085652
0.185000 0.046000 -0.085652
0.190000 0.046000 -0.085652
0.195000 0.046000 -0.085652
0.000000 0.047000 0.034944
0.005000 0.047000 0.032432
0.010000 0.047000 0.029750
0.015000 0.047000 0.026905
0.020000 0.047000 0.023900
0.025000 0.047000 0.020739
0.030000 0.047000 0.017429
0.035000 0.047000 0.013972
0.040000 0.047000 0.010373
0.045000 0.047000 0.006637
0.050000 0.047000 0.002793
0.055000 0.047000 -0.001155
0.060000 0.047000 -0.005215
0.065000 0.047000 -0.009132
0.070000 0.047000 -0.012377
0.075000 0.047000 -0.015670
0.080000 0.047000 -0.019007
0.085000 0.047000 -0.022387
0.090000 0.047000 -0.025805
0.095000 0.047000 -0.029260
0.100000 0.047000 -0.032749
0.105000 0.047000 -0.036268
0.110000 0.047000 -0.039815
0.115000 0.047000 -0.043388
0.120000 0.047000 -0.046983
0.125000 0.047000 -0.050598
0.130000 0.047000 -0.054231
0.135000 0.047000 -0.057879
0.140000 0.047000 -0.061540
0.145000 0.047000 -0.065210
0.150000 0.047000 -0.068889
0.155000 0.047000 -0.072572
0.160000 0.047000 -0.076259
0.165000 0.047000 -0.079946
0.170000 0.047000 -0.083631
0.175000 0.047000 -0.087283
0.180000 0.047000 -0.087373
0.185000 0.047000 -0.087373
0.190000 0.047000 -0.087373
0.195000 0.047000 -0.087373
0.000000 0.048000 0.035451
0.005000 0.048000 0.032896
0.010000 0.048000 0.030173
0.015000 0.048000 0.027287
0.020000 0.048000 0.024244
0.025000 0.048000 0.021046
0.030000 0.048000 0.017699
0.035000 0.048000 0.014207
0.040000 0.048000 0.010576
0.045000 0.048000 0.006808
0.050000 0.048000 0.002924
0.055000 0.048000 -0.001054
0.060000 0.048000 -0.005143
0.065000 0.048000 -0.009337
0.070000 0.048000 -0.012617
0.075000 0.048000 -0.015935
0.080000 0.048000 -0.019297
0.085000 0.048000 -0.022700
0.090000 0.048000 -0.026142
0.095000 0.048000 -0.029619
0.100000 0.048000 -0.033129
0.105000 0.048000 -0.036669
0.110000 0.048000 -0.040237
0.115000 0.048000 -0.043829
0.120000 0.048000 -0.047443
0.125000 0.048000 -0.051077
0.130000 0.048000 -0.054728
0.135000 0.048000 -0.058393
0.140000 0.048000 -0.062070
0.145000 0.048000 -0.065756
0.150000 0.048000 -0.069450
0.155000 0.048000 -0.073149
0.160000 0.048000 -0.076849
0.165000 0.048000 -0.080550
0.170000 0.048000 -0.084249
0.175000 0.048000 -0.087944
0.180000 0.048000 -0.089088
0.185000 0.048000 -0.089088
0.190000 0.048000 -0.089088
0.195000 0.048000 -0.089088
0.000000 0.049000 0.035949
0.005000 0.049000 0.033351
0.010000 0.049000 0.030588
0.015000 0.049000 0.027662
0.020000 0.049000 0.024580
0.025000 0.049000 0.021345
0.030000 0.049000 0.017963
0.035000 0.049000 0.014437
0.040000 0.049000 0.010772
0.045000 0.049000 0.006972
0.050000 0.049000 0.003050
0.055000 0.049000 -0.000959
0.060000 0.049000 -0.005077
0.065000 0.049000 -0.009299
0.070000 0.049000 -0.012866
0.075000 0.049000 -0.016209
0.080000 0.049000 -0.019595
0.085000 0.049000 -0.023022
0.090000 0.049000 -0.026486
0.095000 0.049000 -0.029986
0.100000 0.049000 -0.033517
0.105000 0.049000 -0.037078
0.110000 0.049000 -0.040665
0.115000 0.049000 -0.044276
0.120000 0.049000 -0.047909
0.125000 0.049000 -0.051561
0.130000 0.049000 -0.055229
0.135000 0.049000 -0.058911
0.140000 0.049000 -0.062605
0.145000 0.049000 -0.066307
0.150000 0.049000 -0.070016
0.155000 0.049000 -0.073729
0.160000 0.049000 -0.077444
0.165000 0.049000 -0.081159
0.170000 0.049000 -0.084871
0.175000 0.049000 -0.088578
0.180000 0.049000 -0.090797
0.185000 0.049000 -0.090797
0.190000 0.049000 -0.090797
0.195000 0.049000 -0.090797
0.000000 0.050000 0.036439
0.005000 0.050000 0.033799
0.010000 0.050000 0.030994
0.015000 0.050000 0.028029
0.020000 0.050000 0.024909
0.025000 0.050000 0.021637
0.030000 0.050000 0.018219
0.035000 0.050000 0.014659
0.040000 0.050000 0.010961
0.045000 0.050000 0.007130
0.050000 0.050000 0.003169
0.055000 0.050000 -0.000870
0.060000 0.050000 -0.005017
0.065000 0.050000 -0.009267
0.070000 0.050000 -0.013124
0.075000 0.050000 -0.016492
0.080000 0.050000 -0.019902
0.085000 0.050000 -0.023351
0.090000 0.050000 -0.026838
0.095000 0.050000 -0.030359
0.100000 0.050000 -0.033911
0.105000 0.050000 -0.037492
0.110000 0.050000 -0.041099
0.115000 0.050000 -0.044730
0.120000 0.050000 -0.048381
0.125000 0.050000 -0.052051
0.130000 0.050000 -0.055736
0.135000 0.050000 -0.059435
0.140000 0.050000 -0.063145
0.145000 0.050000 -0.066862
0.150000 0.050000 -0.070586
0.155000 0.050000 -0.074314
0.160000 0.050000 -0.078043
0.165000 0.050000 -0.081771
0.170000 0.050000 -0.085497
0.175000 0.050000 -0.089216
0.180000 0.050000 -0.092500
0.185000 0.050000 -0.092500
0.190000 0.050000 -0.092500
0.195000 0.050000 -0.092500
0.000000 0.051000 0.036920
0.005000 0.051000 0.034237
0.010000 0.051000 0.031392
0.015000 0.051000 0.028388
0.020000 0.051000 0.025230
0.025000 0.051000 0.021922
0.030000 0.051000 0.018469
0.035000 0.051000 0.014875
0.040000 0.051000 0.011144
0.045000 0.051000 0.007281
0.050000 0.051000 0.003291
0.055000 0.051000 -0.000786
0.060000 0.051000 -0.004962
0.065000 0.051000 -0.009239
0.070000 0.051000 -0.013391
0.075000 0.051000 -0.016782
0.080000 0.051000 -0.020216
0.085000 0.051000 -0.023689
0.090000 0.051000 -0.027197
0.095000 0.051000 -0.030740
0.100000 0.051000 -0.034313
0.105000 0.051000 -0.037914
0.110000 0.051000 -0.041540
0.115000 0.051000 -0.045190
0.120000 0.051000 -0.048859
0.125000 0.051000 -0.052546
0.130000 0.051000 -0.056249
0.135000 0.051000 -0.059964
0.140000 0.051000 -0.063689
0.145000 0.051000 -0.067422
0.150000 0.051000 -0.071161
0.155000 0.051000 -0.074903
0.160000 0.051000 -0.078646
0.165000 0.051000 -0.082388
0.170000 0.051000 -0.086126
0.175000 0.051000 -0.089858
0.180000 0.051000 -0.093582
0.185000 0.051000 -0.094197
0.190000 0.051000 -0.094197
0.195000 0.051000 -0.094197
0.000000 0.052000 0.037392
0.005000 0.052000 0.034668
0.010000 0.052000 0.031782
0.015000 0.052000 0.028739
0.020000 0.052000 0.025544
0.025000 0.052000 0.022199
0.030000 0.052000 0.018711
0.035000 0.052000 0.015084
0.040000 0.052000 0.011321
0.045000 0.052000 0.007427
0.050000 0.052000 0.003406
0.055000 0.052000 -0.000709
0.060000 0.052000 -0.004913
0.065000 0.052000 -0.009218
0.070000 0.052000 -0.013618
0.075000 0.052000 -0.017081
0.080000 0.052000 -0.020538
0.085000 0.052000 -0.024033
0.090000 0.052000 -0.027564
0.095000 0.052000 -0.031127
0.100000 0.052000 -0.034721
0.105000 0.052000 -0.038342
0.110000 0.052000 -0.041987
0.115000 0.052000 -0.045655
0.120000 0.052000 -0.049343
0.125000 0.052000 -0.053047
0.130000 0.052000 -0.056766
0.135000 0.052000 -0.060498
0.140000 0.052000 -0.064239
0.145000 0.052000 -0.067987
0.150000 0.052000 -0.071740
0.155000 0.052000 -0.075496
0.160000 0.052000 -0.079253
0.165000 0.052000 -0.083007
0.170000 0.052000 -0.086758
0.175000 0.052000 -0.090502
0.180000 0.052000 -0.094239
0.185000 0.052000 -0.095888
0.190000 0.052000 -0.095888
0.195000 0.052000 -0.095888
0.000000 0.053000 0.037855
0.005000 0.053000 0.035090
0.010000 0.053000 0.032165
0.015000 0.053000 0.029083
0.020000 0.053000 0.025850
0.025000 0.053000 0.022470
0.030000 0.053000 0.018947
0.035000 0.053000 0.015286
0.040000 0.053000 0.011491
0.045000 0.053000 0.007566
0.050000 0.053000 0.003516
0.055000 0.053000 -0.000637
0.060000 0.053000 -0.004869
0.065000 0.053000 -0.009201
0.070000 0.053000 -0.013628
0.075000 0.053000 -0.017388
0.080000 0.053000 -0.020868
0.085000 0.053000 -0.024386
0.090000 0.053000 -0.027938
0.095000 0.053000 -0.031522
0.100000 0.053000 -0.035136
0.105000 0.053000 -0.038776
0.110000 0.053000 -0.042441
0.115000 0.053000 -0.046127
0.120000 0.053000 -0.049832
0.125000 0.053000 -0.053554
0.130000 0.053000 -0.057289
0.135000 0.053000 -0.061036
0.140000 0.053000 -0.064793
0.145000 0.053000 -0.068556
0.150000 0.053000 -0.072324
0.155000 0.053000 -0.076093
0.160000 0.053000 -0.079863
0.165000 0.053000 -0.083631
0.170000 0.053000 -0.087394
0.175000 0.053000 -0.091150
0.180000 0.053000 -0.094898
0.185000 0.053000 -0.097573
0.190000 0.053000 -0.097573
0.195000 0.053000 -0.097573
0.000000 0.054000 0.038310
0.005000 0.054000 0.035504
0.010000 0.054000 0.032539
0.015000 0.054000 0.029419
0.020000 0.054000 0.026149
0.025000 0.054000 0.022733
0.030000 0.054000 0.019176
0.035000 0.054000 0.015482
0.040000 0.054000 0.011655
0.045000 0.054000 0.007700
0.050000 0.054000 0.003620
0.055000 0.054000 -0.000570
0.060000 0.054000 -0.004831
0.065000 0.054000 -0.009190
0.070000 0.054000 -0.013642
0.075000 0.054000 -0.017704
0.080000 0.054000 -0.021206
0.085000 0.054000 -0.024745
0.090000 0.054000 -0.028319
0.095000 0.054000 -0.031924
0.100000 0.054000 -0.035557
0.105000 0.054000 -0.039217
0.110000 0.054000 -0.042900
0.115000 0.054000 -0.046604
0.120000 0.054000 -0.050327
0.125000 0.054000 -0.054065
0.130000 0.054000 -0.057817
0.135000 0.054000 -0.061580
0.140000 0.054000 -0.065352
0.145000 0.054000 -0.069129
0.150000 0.054000 -0.072911
0.155000 0.054000 -0.076695
0.160000 0.054000 -0.080478
0.165000 0.054000 -0.084258
0.170000 0.054000 -0.088033
0.175000 0.054000 -0.091801
0.180000 0.054000 -0.095560
0.185000 0.054000 -0.099222
0.190000 0.054000 -0.099252
0.195000 0.054000 -0.099252
0.000000 0.055000 0.038757
0.005000 0.055000 0.035910
0.010000 0.055000 0.032905
0.015000 0.055000 0.029747
0.020000 0.055000 0.026441
0.025000 0.055000 0.022990
0.030000 0.055000 0.019398
0.035000 0.055000 0.015671
0.040000 0.055000 0.011813
0.045000 0.055000 0.007827
0.050000 0.055000 0.003718
0.055000 0.055000 -0.000510
0.060000 0.055000 -0.004798
0.065000 0.055000 -0.009183
0.070000 0.055000 -0.013662
0.075000 0.055000 -0.018027
0.080000 0.055000 -0.021551
0.085000 0.055000 -0.025113
0.090000 0.055000 -0.028707
0.095000 0.055000 -0.032332
0.100000 0.055000 -0.035985
0.105000 0.055000 -0.039664
0.110000 0.055000 -0.043366
0.115000 0.055000 -0.047088
0.120000 0.055000 -0.050827
0.125000 0.055000 -0.054582
0.130000 0.055000 -0.058350
0.135000 0.055000 -0.062128
0.140000 0.055000 -0.065915
0.145000 0.055000 -0.069707
0.150000 0.055000 -0.073503
0.155000 0.055000 -0.077300
0.160000 0.055000 -0.081096
0.165000 0.055000 -0.084888
0.170000 0.055000 -0.088675
0.175000 0.055000 -0.092455
0.180000 0.055000 -0.096225
0.185000 0.055000 -0.099984
0.190000 0.055000 -0.100925
0.195000 0.055000 -0.100925
0.000000 0.056000 0.039195
0.005000 0.056000 0.036308
0.010000 0.056000 0.033264
0.015000 0.056000 0.030068
0.020000 0.056000 0.026725
0.025000 0.056000 0.023239
0.030000 0.056000 0.019614
0.035000 0.056000 0.015854
0.040000 0.056000 0.011965
0.045000 0.056000 0.007949
0.050000 0.056000 0.003811
0.055000 0.056000 -0.000445
0.060000 0.056000 -0.004770
0.065000 0.056000 -0.009182
0.070000 0.056000 -0.013686
0.075000 0.056000 -0.018276
0.080000 0.056000 -0.021904
0.085000 0.056000 -0.025487
0.090000 0.056000 -0.029102
0.095000 0.056000 -0.032747
0.100000 0.056000 -0.036420
0.105000 0.056000 -0.040117
0.110000 0.056000 -0.043837
0.115000 0.056000 -0.047576
0.120000 0.056000 -0.051333
0.125000 0.056000 -0.055104
0.130000 0.056000 -0.058888
0.135000 0.056000 -0.062682
0.140000 0.056000 -0.066483
0.145000 0.056000 -0.070289
0.150000 0.056000 -0.074098
0.155000 0.056000 -0.077909
0.160000 0.056000 -0.081717
0.165000 0.056000 -0.085522
0.170000 0.056000 -0.089321
0.175000 0.056000 -0.093112
0.180000 0.056000 -0.096893
0.185000 0.056000 -0.100662
0.190000 0.056000 -0.102592
0.195000 0.056000 -0.102592
0.000000 0.057000 0.039625
0.005000 0.057000 0.036697
0.010000 0.057000 0.033615
0.015000 0.057000 0.030382
0.020000 0.057000 0.027003
0.025000 0.057000 0.023481
0.030000 0.057000 0.019823
0.035000 0.057000 0.016031
0.040000 0.057000 0.012110
0.045000 0.057000 0.008064
0.050000 0.057000 0.003898
0.055000 0.057000 -0.000385
0.060000 0.057000 -0.004748
0.065000 0.057000 -0.009186
0.070000 0.057000 -0.013715
0.075000 0.057000 -0.018330
0.080000 0.057000 -0.022265
0.085000 0.057000 -0.025869
0.090000 0.057000 -0.029504
0.095000 0.057000 -0.033169
0.100000 0.057000 -0.036861
0.105000 0.057000 -0.040577
0.110000 0.057000 -0.044314
0.115000 0.057000 -0.048071
0.120000 0.057000 -0.051844
0.125000 0.057000 -0.055632
0.130000 0.057000 -0.059431
0.135000 0.057000 -0.063239
0.140000 0.057000 -0.067055
0.145000 0.057000 -0.070875
0.150000 0.057000 -0.074698
0.155000 0.057000 -0.078521
0.160000 0.057000 -0.082342
0.165000 0.057000 -0.086159
0.170000 0.057000 -0.089970
0.175000 0.057000 -0.093772
0.180000 0.057000 -0.097564
0.185000 0.057000 -0.101344
0.190000 0.057000 -0.104253
0.195000 0.057000 -0.104253
0.000000 0.058000 0.040047
0.005000 0.058000 0.037079
0.010000 0.058000 0.033958
0.015000 0.058000 0.030688
0.020000 0.058000 0.027273
0.025000 0.058000 0.023717
0.030000 0.058000 0.020025
0.035000 0.058000 0.016201
0.040000 0.058000 0.012250
0.045000 0.058000 0.008174
0.050000 0.058000 0.003979
0.055000 0.058000 -0.000331
0.060000 0.058000 -0.004731
0.065000 0.058000 -0.009195
0.070000 0.058000 -0.013749
0.075000 0.058000 -0.018388
0.080000 0.058000 -0.022633
0.085000 0.058000 -0.026257
0.090000 0.058000 -0.029913
0.095000 0.058000 -0.033598
0.100000 0.058000 -0.037308
0.105000 0.058000 -0.041042
0.110000 0.058000 -0.044798
0.115000 0.058000 -0.048571
0.120000 0.058000 -0.052361
0.125000 0.058000 -0.056164
0.130000 0.058000 -0.059979
0.135000 0.058000 -0.063802
0.140000 0.058000 -0.067632
0.145000 0.058000 -0.071466
0.150000 0.058000 -0.075302
0.155000 0.058000 -0.079138
0.160000 0.058000 -0.082971
0.165000 0.058000 -0.086800
0.170000 0.058000 -0.090622
0.175000 0.058000 -0.094435
0.180000 0.058000 -0.098238
0.185000 0.058000 -0.102027
0.190000 0.058000 -0.105756
0.195000 0.058000 -0.105908
0.000000 0.059000 0.040460
0.005000 0.059000 0.037453
0.010000 0.059000 0.034294
0.015000 0.059000 0.030987
0.020000 0.059000 0.027536
0.025000 0.059000 0.023946
0.030000 0.059000 0.020221
0.035000 0.059000 0.016365
0.040000 0.059000 0.012383
0.045000 0.059000 0.008278
0.050000 0.059000 0.004055
0.055000 0.059000 -0.000282
0.060000 0.059000 -0.004719
0.065000 0.059000 -0.009209
0.070000 0.059000 -0.013788
0.075000 0.059000 -0.018450
0.080000 0.059000 -0.023008
0.085000 0.059000 -0.026653
0.090000 0.059000 -0.030329
0.095000 0.059000 -0.034033
0.100000 0.059000 -0.037762
0.105000 0.059000 -0.041514
0.110000 0.059000 -0.045286
0.115000 0.059000 -0.049077
0.120000 0.059000 -0.052883
0.125000 0.059000 -0.056702
0.130000 0.059000 -0.060531
0.135000 0.059000 -0.064369
0.140000 0.059000 -0.068213
0.145000 0.059000 -0.072060
0.150000 0.059000 -0.075909
0.155000 0.059000 -0.079758
0.160000 0.059000 -0.083603
0.165000 0.059000 -0.087444
0.170000 0.059000 -0.091277
0.175000 0.059000 -0.095101
0.180000 0.059000 -0.098914
0.185000 0.059000 -0.102713
0.190000 0.059000 -0.106498
0.195000 0.059000 -0.107557
0.000000 0.060000 0.040866
0.005000 0.060000 0.037819
0.010000 0.060000 0.034622
0.015000 0.060000 0.031278
0.020000 0.060000 0.027792
0.025000 0.060000 0.024168
0.030000 0.060000 0.020410
0.035000 0.060000 0.016523
0.040000 0.060000 0.012510
0.045000 0.060000 0.008376
0.050000 0.060000 0.004125
0.055000 0.060000 -0.000239
0.060000 0.060000 -0.004712
0.065000 0.060000 -0.009228
0.070000 0.060000 -0.013832
0.075000 0.060000 -0.018518
0.080000 0.060000 -0.023281
0.085000 0.060000 -0.027056
0.090000 0.060000 -0.030751
0.095000 0.060000 -0.034474
0.100000 0.060000 -0.038222
0.105000 0.060000 -0.041991
0.110000 0.060000 -0.045781
0.115000 0.060000 -0.049588
0.120000 0.060000 -0.053410
0.125000 0.060000 -0.057244
0.130000 0.060000 -0.061088
0.135000 0.060000 -0.064941
0.140000 0.060000 -0.068798
0.145000 0.060000 -0.072659
0.150000 0.060000 -0.076521
0.155000 0.060000 -0.080382
0.160000 0.060000 -0.084239
0.165000 0.060000 -0.088091
0.170000 0.060000 -0.091935
0.175000 0.060000 -0.095770
0.180000 0.060000 -0.099593
0.185000 0.060000 -0.103402
0.190000 0.060000 -0.107196
0.195000 0.060000 -0.109200
0.000000 0.061000 0.041263
0.005000 0.061000 0.038177
0.010000 0.061000 0.034942
0.015000 0.061000 0.031562
0.020000 0.061000 0.028041
0.025000 0.061000 0.024383
0.030000 0.061000 0.020593
0.035000 0.061000 0.016675
0.040000 0.061000 0.012632
0.045000 0.061000 0.008469
0.050000 0.061000 0.004190
0.055000 0.061000 -0.000201
0.060000 0.061000 -0.004700
0.065000 0.061000 -0.009252
0.070000 0.061000 -0.013880
0.075000 0.061000 -0.018589
0.080000 0.061000 -0.023375
0.085000 0.061000 -0.027466
0.090000 0.061000 -0.031180
0.095000 0.061000 -0.034922
0.100000 0.061000 -0.038687
0.105000 0.061000 -0.042475
0.110000 0.061000 -0.046281
0.115000 0.061000 -0.050104
0.120000 0.061000 -0.053942
0.125000 0.061000 -0.057791
0.130000 0.061000 -0.061650
0.135000 0.061000 -0.065517
0.140000 0.061000 -0.069388
0.145000 0.061000 -0.073262
0.150000 0.061000 -0.077136
0.155000 0.061000 -0.081009
0.160000 0.061000 -0.084878
0.165000 0.061000 -0.088741
0.170000 0.061000 -0.092596
0.175000 0.061000 -0.096441
0.180000 0.061000 -0.100274
0.185000 0.061000 -0.104093
0.190000 0.061000 -0.107896
0.195000 0.061000 -0.110837
0.000000 0.062000 0.041652
0.005000 0.062000 0.038528
0.010000 0.062000 0.035255
0.015000 0.062000 0.031839
0.020000 0.062000 0.028283
0.025000 0.062000 0.024592
0.030000 0.062000 0.020770
0.035000 0.062000 0.016820
0.040000 0.062000 0.012747
0.045000 0.062000 0.008556
0.050000 0.062000 0.004250
0.055000 0.062000 -0.000168
0.060000 0.062000 -0.004692
0.065000 0.062000 -0.009281
0.070000 0.062000 -0.013933
0.075000 0.062000 -0.018665
0.080000 0.062000 -0.023473
0.085000 0.062000 -0.027882
0.090000 0.062000 -0.031616
0.095000 0.062000 -0.035376
0.100000 0.062000 -0.039159
0.105000 0.062000 -0.042964
0.110000 0.062000 -0.046787
0.115000 0.062000 -0.050626
0.120000 0.062000 -0.054479
0.125000 0.062000 -0.058343
0.130000 0.062000 -0.062217
0.135000 0.062000 -0.066097
0.140000 0.062000 -0.069981
0.145000 0.062000 -0.073868
0.150000 0.062000 -0.077755
0.155000 0.062000 -0.081640
0.160000 0.062000 -0.085520
0.165000 0.062000 -0.089394
0.170000 0.062000 -0.093260
0.175000 0.062000 -0.097115
0.180000 0.062000 -0.100958
0.185000 0.062000 -0.104786
0.190000 0.062000 -0.108598
0.195000 0.062000 -0.112323
0.000000 0.063000 0.042033
0.005000 0.063000 0.038870
0.010000 0.063000 0.035561
0.015000 0.063000 0.032109
0.020000 0.063000 0.028519
0.025000 0.063000 0.024794
0.030000 0.063000 0.020940
0.035000 0.063000 0.016959
0.040000 0.063000 0.012857
0.045000 0.063000 0.008637
0.050000 0.063000 0.004304
0.055000 0.063000 -0.000140
0.060000 0.063000 -0.004689
0.065000 0.063000 -0.009315
0.070000 0.063000 -0.013990
0.075000 0.063000 -0.018746
0.080000 0.063000 -0.023576
0.085000 0.063000 -0.028306
0.090000 0.063000 -0.032058
0.095000 0.063000 -0.035836
0.100000 0.063000 -0.039637
0.105000 0.063000 -0.043459
0.110000 0.063000 -0.047298
0.115000 0.063000 -0.051153
0.120000 0.063000 -0.055021
0.125000 0.063000 -0.058900
0.130000 0.063000 -0.062788
0.135000 0.063000 -0.066681
0.140000 0.063000 -0.070579
0.145000 0.063000 -0.074479
0.150000 0.063000 -0.078378
0.155000 0.063000 -0.082274
0.160000 0.063000 -0.086166
0.165000 0.063000 -0.090051
0.170000 0.063000 -0.093927
0.175000 0.063000 -0.097792
0.180000 0.063000 -0.101644
0.185000 0.063000 -0.105482
0.190000 0.063000 -0.109303
0.195000 0.063000 -0.113105
0.000000 0.064000 0.042406
0.005000 0.064000 0.039205
0.010000 0.064000 0.035859
0.015000 0.064000 0.032372
0.020000 0.064000 0.028747
0.025000 0.064000 0.024990
0.030000 0.064000 0.021104
0.035000 0.064000 0.017093
0.040000 0.064000 0.012961
0.045000 0.064000 0.008713
0.050000 0.064000 0.004352
0.055000 0.064000 -0.000117
0.060000 0.064000 -0.004691
0.065000 0.064000 -0.009353
0.070000 0.064000 -0.014053
0.075000 0.064000 -0.018831
0.080000 0.064000 -0.023683
0.085000 0.064000 -0.028604
0.090000 0.064000 -0.032507
0.095000 0.064000 -0.036303
0.100000 0.064000 -0.040121
0.105000 0.064000 -0.043959
0.110000 0.064000 -0.047815
0.115000 0.064000 -0.051685
0.120000 0.064000 -0.055568
0.125000 0.064000 -0.059462
0.130000 0.064000 -0.063363
0.135000 0.064000 -0.067270
0.140000 0.064000 -0.071181
0.145000 0.064000 -0.075093
0.150000 0.064000 -0.079004
0.155000 0.064000 -0.082912
0.160000 0.064000 -0.086814
0.165000 0.064000 -0.090710
0.170000 0.064000 -0.094596
0.175000 0.064000 -0.098471
0.180000 0.064000 -0.102333
0.185000 0.064000 -0.106180
0.190000 0.064000 -0.110009
0.195000 0.064000 -0.113820
0.000000 0.065000 0.042772
0.005000 0.065000 0.039533
0.010000 0.065000 0.036150
0.015000 0.065000 0.032627
0.020000 0.065000 0.028969
0.025000 0.065000 0.025179
0.030000 0.065000 0.021261
0.035000 0.065000 0.017220
0.040000 0.065000 0.013059
0.045000 0.065000 0.008783
0.050000 0.065000 0.004396
0.055000 0.065000 -0.000099
0.060000 0.065000 -0.004698
0.065000 0.065000 -0.009396
0.070000 0.065000 -0.014119
0.075000 0.065000 -0.018920
0.080000 0.065000 -0.023793
0.085000 0.065000 -0.028735
0.090000 0.065000 -0.032962
0.095000 0.065000 -0.036775
0.100000 0.065000 -0.040611
0.105000 0.065000 -0.044465
0.110000 0.065000 -0.048337
0.115000 0.065000 -0.052222
0.120000 0.065000 -0.056120
0.125000 0.065000 -0.060028
0.130000 0.065000 -0.063943
0.135000 0.065000 -0.067863
0.140000 0.065000 -0.071787
0.145000 0.065000 -0.075711
0.150000 0.065000 -0.079633
0.155000 0.065000 -0.083553
0.160000 0.065000 -0.087466
0.165000 0.065000 -0.091372
0.170000 0.065000 -0.095268
0.175000 0.065000 -0.099153
0.180000 0.065000 -0.103024
0.185000 0.065000 -0.106880
0.190000 0.065000 -0.110718
0.195000 0.065000 -0.114536
0.000000 0.066000 0.043129
0.005000 0.066000 0.039853
0.010000 0.066000 0.036434
0.015000 0.066000 0.032876
0.020000 0.066000 0.029184
0.025000 0.066000 0.025361
0.030000 0.066000 0.021413
0.035000 0.066000 0.017341
0.040000 0.066000 0.013152
0.045000 0.066000 0.008848
0.050000 0.066000 0.004434
0.055000 0.066000 -0.000086
0.060000 0.066000 -0.004709
0.065000 0.066000 -0.009431
0.070000 0.066000 -0.014190
0.075000 0.066000 -0.019013
0.080000 0.066000 -0.023908
0.085000 0.066000 -0.028871
0.090000 0.066000 -0.033423
0.095000 0.066000 -0.037254
0.100000 0.066000 -0.041106
0.105000 0.066000 -0.044977
0.110000 0.066000 -0.048864
0.115000 0.066000 -0.052765
0.120000 0.066000 -0.056677
0.125000 0.066000 -0.060599
0.130000 0.066000 -0.064527
0.135000 0.066000 -0.068461
0.140000 0.066000 -0.072396
0.145000 0.066000 -0.076332
0.150000 0.066000 -0.080267
0.155000 0.066000 -0.084197
0.160000 0.066000 -0.088121
0.165000 0.066000 -0.092037
0.170000 0.066000 -0.095943
0.175000 0.066000 -0.099837
0.180000 0.066000 -0.103718
0.185000 0.066000 -0.107582
0.190000 0.066000 -0.111428
0.195000 0.066000 -0.115255
0.000000 0.067000 0.043479
0.005000 0.067000 0.040166
0.010000 0.067000 0.036710
0.015000 0.067000 0.033118
0.020000 0.067000 0.029392
0.025000 0.067000 0.025538
0.030000 0.067000 0.021558
0.035000 0.067000 0.017457
0.040000 0.067000 0.013239
0.045000 0.067000 0.008908
0.050000 0.067000 0.004467
0.055000 0.067000 -0.000078
0.060000 0.067000 -0.004726
0.065000 0.067000 -0.009470
0.070000 0.067000 -0.014266
0.075000 0.067000 -0.019111
0.080000 0.067000 -0.024027
0.085000 0.067000 -0.029010
0.090000 0.067000 -0.033890
0.095000 0.067000 -0.037738
0.100000 0.067000 -0.041607
0.105000 0.067000 -0.045494
0.110000 0.067000 -0.049396
0.115000 0.067000 -0.053312
0.120000 0.067000 -0.057239
0.125000 0.067000 -0.061174
0.130000 0.067000 -0.065116
0.135000 0.067000 -0.069062
0.140000 0.067000 -0.073010
0.145000 0.067000 -0.076958
0.150000 0.067000 -0.080903
0.155000 0.067000 -0.084844
0.160000 0.067000 -0.088779
0.165000 0.067000 -0.092705
0.170000 0.067000 -0.096621
0.175000 0.067000 -0.100524
0.180000 0.067000 -0.104413
0.185000 0.067000 -0.108286
0.190000 0.067000 -0.112141
0.195000 0.067000 -0.115975
0.000000 0.068000 0.043821
0.005000 0.068000 0.040471
0.010000 0.068000 0.036980
0.015000 0.068000 0.033353
0.020000 0.068000 0.029594
0.025000 0.068000 0.025708
0.030000 0.068000 0.021697
0.035000 0.068000 0.017567
0.040000 0.068000 0.013320
0.045000 0.068000 0.008962
0.050000 0.068000 0.004495
0.055000 0.068000 -0.000075
0.060000 0.068000 -0.004746
0.065000 0.068000 -0.009514
0.070000 0.068000 -0.014346
0.075000 0.068000 -0.019213
0.080000 0.068000 -0.024150
0.085000 0.068000 -0.029153
0.090000 0.068000 -0.034217
0.095000 0.068000 -0.038228
0.100000 0.068000 -0.042113
0.105000 0.068000 -0.046016
0.110000 0.068000 -0.049933
0.115000 0.068000 -0.053864
0.120000 0.068000 -0.057805
0.125000 0.068000 -0.061754
0.130000 0.068000 -0.065708
0.135000 0.068000 -0.069667
0.140000 0.068000 -0.073627
0.145000 0.068000 -0.077587
0.150000 0.068000 -0.081543
0.155000 0.068000 -0.085495
0.160000 0.068000 -0.089440
0.165000 0.068000 -0.093376
0.170000 0.068000 -0.097301
0.175000 0.068000 -0.101214
0.180000 0.068000 -0.105111
0.185000 0.068000 -0.108992
0.190000 0.068000 -0.112855
0.195000 0.068000 -0.116697
0.000000 0.069000 0.044156
0.005000 0.069000 0.040768
0.010000 0.069000 0.037242
0.015000 0.069000 0.033581
0.020000 0.069000 0.029790
0.025000 0.069000 0.025871
0.030000 0.069000 0.021830
0.035000 0.069000 0.017670
0.040000 0.069000 0.013396
0.045000 0.069000 0.009011
0.050000 0.069000 0.004518
0.055000 0.069000 -0.000077
0.060000 0.069000 -0.004772
0.065000 0.069000 -0.009562
0.070000 0.069000 -0.014430
0.075000 0.069000 -0.019319
0.080000 0.069000 -0.024277
0.085000 0.069000 -0.029300
0.090000 0.069000 -0.034383
0.095000 0.069000 -0.038724
0.100000 0.069000 -0.042625
0.105000 0.069000 -0.046543
0.110000 0.069000 -0.050476
0.115000 0.069000 -0.054421
0.120000 0.069000 -0.058375
0.125000 0.069000 -0.062338
0.130000 0.069000 -0.066305
0.135000 0.069000 -0.070276
0.140000 0.069000 -0.074248
0.145000 0.069000 -0.078219
0.150000 0.069000 -0.082186
0.155000 0.069000 -0.086149
0.160000 0.069000 -0.090104
0.165000 0.069000 -0.094050
0.170000 0.069000 -0.097984
0.175000 0.069000 -0.101905
0.180000 0.069000 -0.105811
0.185000 0.069000 -0.109701
0.190000 0.069000 -0.113571
0.195000 0.069000 -0.117421
