0.000000 1.000000
0.010000 0.980200
0.020000 0.960800
0.030000 0.941800
0.040000 0.923200
0.050000 0.905000
0.060000 0.887200
0.070000 0.869800
0.080000 0.852800
0.090000 0.836200
0.100000 0.820000
0.110000 0.804200
0.120000 0.788800
0.130000 0.773800
0.140000 0.759200
0.150000 0.745000
0.160000 0.731200
0.170000 0.717800
0.180000 0.704800
0.190000 0.692200
0.200000 0.680000
0.210000 0.668200
0.220000 0.656800
0.230000 0.645800
0.240000 0.635200
0.250000 0.625000
0.260000 0.615200
0.270000 0.605800
0.280000 0.596800
0.290000 0.588200
0.300000 0.580000
0.310000 0.572200
0.320000 0.564800
0.330000 0.557800
0.340000 0.551200
0.350000 0.545000
0.360000 0.539200
0.370000 0.533800
0.380000 0.528800
0.390000 0.524200
0.400000 0.520000
0.410000 0.516200
0.420000 0.512800
0.430000 0.509800
0.440000 0.507200
0.450000 0.505000
0.460000 0.503200
0.470000 0.501800
0.480000 0.500800
0.490000 0.500200
0.500000 0.500000
0.510000 0.500200
0.520000 0.500800
0.530000 0.501800
0.540000 0.503200
0.550000 0.505000
0.560000 0.507200
0.570000 0.509800
0.580000 0.512800
0.590000 0.516200
0.600000 0.520000
0.610000 0.524200
0.620000 0.528800
0.630000 0.533800
0.640000 0.539200
0.650000 0.545000
0.660000 0.551200
0.670000 0.557800
0.680000 0.564800
0.690000 0.572200
0.700000 0.580000
0.710000 0.588200
0.720000 0.596800
0.730000 0.605800
0.740000 0.615200
0.750000 0.625000
0.760000 0.635200
0.770000 0.645800
0.780000 0.656800
0.790000 0.668200
0.800000 0.680000
0.810000 0.692200
0.820000 0.704800
0.830000 0.717800
0.840000 0.731200
0.850000 0.745000
0.860000 0.759200
0.870000 0.773800
0.880000 0.788800
0.890000 0.804200
0.900000 0.820000
0.910000 0.836200
0.920000 0.852800
0.930000 0.869800
0.940000 0.887200
0.950000 0.905000
0.960000 0.923200
0.970000 0.941800
0.980000 0.960800
0.990000 0.980200
