0.000000 0.005000 0.999760
0.000000 0.000000 1.000000
0.000000 0.020000 0.996115
0.000000 0.015000 0.997821
0.000000 0.010000 0.999035
0.000000 0.025000 0.993918
0.000000 0.035000 0.988058
0.000000 0.030000 0.991231
0.000000 0.040000 0.984404
0.000000 0.045000 0.980276
0.000000 0.050000 0.975683
0.000000 0.065000 0.959218
0.000000 0.055000 0.970635
0.000000 0.060000 0.965142
0.000000 0.070000 0.952874
0.000000 0.075000 0.946126
0.000000 0.090000 0.923604
0.000000 0.085000 0.931475
0.000000 0.095000 0.915392
0.000000 0.080000 0.938988
0.001000 0.020000 0.990337
0.001000 0.000000 1.000000
0.001000 0.005000 0.993847
0.001000 0.015000 0.992000
0.001000 0.025000 0.988182
0.001000 0.010000 0.993168
0.001000 0.035000 0.982398
0.001000 0.030000 0.985534
0.001000 0.040000 0.978779
0.001000 0.050000 0.970123
0.001000 0.045000 0.974684
0.001000 0.065000 0.953746
0.001000 0.055000 0.965105
0.001000 0.070000 0.947434
0.001000 0.060000 0.959642
0.001000 0.075000 0.940718
0.001000 0.090000 0.918298
0.001000 0.095000 0.910137
0.001000 0.085000 0.926133
0.001000 0.080000 0.933612
0.002000 0.020000 0.984638
0.002000 0.000000 1.000000
0.002000 0.005000 0.989920
0.002000 0.015000 0.986253
0.002000 0.025000 0.982528
0.002000 0.010000 0.987379
0.002000 0.035000 0.976838
0.002000 0.030000 0.979927
0.002000 0.040000 0.973267
0.002000 0.050000 0.964710
0.002000 0.045000 0.969222
0.002000 0.065000 0.948488
0.002000 0.055000 0.959743
0.002000 0.075000 0.935563
0.002000 0.070000 0.942227
0.002000 0.095000 0.905188
0.002000 0.090000 0.913304
0.002000 0.085000 0.921086
0.002000 0.060000 0.954331
0.002000 0.080000 0.928511
0.003000 0.020000 0.979009
0.003000 0.000000 1.000000
0.003000 0.005000 0.989832
0.003000 0.025000 0.976946
0.003000 0.015000 0.980588
0.003000 0.035000 0.971348
0.003000 0.010000 0.981684
0.003000 0.030000 0.974391
0.003000 0.040000 0.967825
0.003000 0.050000 0.959364
0.003000 0.065000 0.943296
0.003000 0.045000 0.963827
0.003000 0.075000 0.930480
0.003000 0.055000 0.954447
0.003000 0.070000 0.937088
0.003000 0.095000 0.900339
0.003000 0.090000 0.908397
0.003000 0.085000 0.916118
0.003000 0.060000 0.949087
0.003000 0.080000 0.923484
0.004000 0.020000 0.973466
0.004000 0.000000 1.000000
0.004000 0.005000 0.989753
0.004000 0.025000 0.971434
0.004000 0.015000 0.975019
0.004000 0.035000 0.965928
0.004000 0.010000 0.979670
0.004000 0.030000 0.968925
0.004000 0.040000 0.962451
0.004000 0.050000 0.954088
0.004000 0.045000 0.958502
0.004000 0.065000 0.938173
0.004000 0.075000 0.925462
0.004000 0.055000 0.949221
0.004000 0.095000 0.895554
0.004000 0.070000 0.932018
0.004000 0.090000 0.903550
0.004000 0.060000 0.943911
0.004000 0.085000 0.911211
0.004000 0.080000 0.918520
0.005000 0.020000 0.968021
0.005000 0.000000 1.000000
0.005000 0.005000 0.989681
0.005000 0.025000 0.966013
0.005000 0.015000 0.969541
0.005000 0.035000 0.960577
0.005000 0.010000 0.979489
0.005000 0.030000 0.963528
0.005000 0.040000 0.957147
0.005000 0.065000 0.933117
0.005000 0.050000 0.948878
0.005000 0.075000 0.920514
0.005000 0.045000 0.953244
0.005000 0.055000 0.944061
0.005000 0.095000 0.890828
0.005000 0.070000 0.927015
0.005000 0.090000 0.898767
0.005000 0.060000 0.938802
0.005000 0.085000 0.906374
0.005000 0.080000 0.913628
0.006000 0.020000 0.962649
0.006000 0.000000 1.000000
0.006000 0.005000 0.989606
0.006000 0.025000 0.960688
0.006000 0.035000 0.955298
0.006000 0.015000 0.969241
0.006000 0.010000 0.979327
0.006000 0.040000 0.951909
0.006000 0.030000 0.958229
0.006000 0.075000 0.915630
0.006000 0.065000 0.928123
0.006000 0.050000 0.943735
0.006000 0.045000 0.948054
0.006000 0.055000 0.938966
0.006000 0.095000 0.886173
0.006000 0.070000 0.922075
0.006000 0.090000 0.894055
0.006000 0.085000 0.901604
0.006000 0.060000 0.933758
0.007000 0.020000 0.958959
0.006000 0.080000 0.908801
0.007000 0.000000 1.000000
0.007000 0.005000 0.989524
0.007000 0.025000 0.955436
0.007000 0.035000 0.950117
0.007000 0.015000 0.968969
0.007000 0.010000 0.979168
0.007000 0.075000 0.910806
0.007000 0.030000 0.953020
0.007000 0.040000 0.946749
0.007000 0.050000 0.938658
0.007000 0.065000 0.923195
0.007000 0.045000 0.942928
0.007000 0.095000 0.881583
0.007000 0.055000 0.933938
0.007000 0.070000 0.917199
0.007000 0.090000 0.889404
0.007000 0.085000 0.896893
0.007000 0.060000 0.928778
0.008000 0.020000 0.958625
0.008000 0.000000 1.000000
0.008000 0.005000 0.989438
0.007000 0.080000 0.904031
0.008000 0.025000 0.950260
0.008000 0.035000 0.945021
0.008000 0.015000 0.968724
0.008000 0.010000 0.979020
0.008000 0.075000 0.906046
0.008000 0.030000 0.947887
0.008000 0.050000 0.933645
0.008000 0.040000 0.941682
0.008000 0.045000 0.937887
0.008000 0.065000 0.918328
0.008000 0.095000 0.877048
0.008000 0.055000 0.928972
0.008000 0.070000 0.912384
0.008000 0.090000 0.884809
0.008000 0.085000 0.892241
0.008000 0.060000 0.923863
0.009000 0.020000 0.958274
0.009000 0.000000 1.000000
0.009000 0.005000 0.989345
0.008000 0.080000 0.899326
0.009000 0.025000 0.948230
0.009000 0.035000 0.940005
0.009000 0.015000 0.968490
0.009000 0.010000 0.978880
0.009000 0.075000 0.901344
0.009000 0.045000 0.932933
0.009000 0.050000 0.928722
0.009000 0.030000 0.942820
0.009000 0.040000 0.936698
0.009000 0.065000 0.913525
0.009000 0.095000 0.872572
0.009000 0.055000 0.924072
0.009000 0.070000 0.907633
0.009000 0.090000 0.880278
0.010000 0.020000 0.957943
0.009000 0.085000 0.887652
0.009000 0.060000 0.919009
0.010000 0.000000 1.000000
0.010000 0.005000 0.989246
0.009000 0.080000 0.894679
0.010000 0.025000 0.947820
0.010000 0.035000 0.935051
0.010000 0.015000 0.968252
0.010000 0.045000 0.928059
0.010000 0.010000 0.978738
0.010000 0.075000 0.896705
0.010000 0.050000 0.923880
0.010000 0.030000 0.937936
0.010000 0.040000 0.931796
0.010000 0.065000 0.908782
0.010000 0.095000 0.868156
0.010000 0.055000 0.919265
0.010000 0.070000 0.902939
0.011000 0.020000 0.957632
0.010000 0.090000 0.875801
0.011000 0.000000 1.000000
0.010000 0.085000 0.883118
0.010000 0.060000 0.914222
0.011000 0.005000 0.989142
0.011000 0.025000 0.947396
0.011000 0.035000 0.930179
0.010000 0.080000 0.890092
0.011000 0.015000 0.968035
0.011000 0.045000 0.923268
0.011000 0.075000 0.892122
0.011000 0.010000 0.978593
0.011000 0.040000 0.926955
0.011000 0.030000 0.937307
0.011000 0.065000 0.904108
0.011000 0.050000 0.919113
0.011000 0.095000 0.863792
0.011000 0.055000 0.914533
0.012000 0.020000 0.957330
0.011000 0.070000 0.898308
0.012000 0.000000 1.000000
0.012000 0.005000 0.989032
0.011000 0.090000 0.871381
0.011000 0.085000 0.878645
0.011000 0.060000 0.909530
0.012000 0.025000 0.946983
0.012000 0.035000 0.926734
0.011000 0.080000 0.885563
0.012000 0.015000 0.967818
0.012000 0.045000 0.918538
0.012000 0.075000 0.887603
0.012000 0.010000 0.978442
0.012000 0.040000 0.922176
0.012000 0.095000 0.859485
0.012000 0.065000 0.899529
0.012000 0.050000 0.914432
0.012000 0.030000 0.936827
0.012000 0.055000 0.909872
0.013000 0.020000 0.957018
0.012000 0.070000 0.893746
0.013000 0.000000 1.000000
0.013000 0.005000 0.988916
0.012000 0.090000 0.867019
0.012000 0.085000 0.874224
0.012000 0.060000 0.904907
0.013000 0.035000 0.926194
0.013000 0.025000 0.946599
0.012000 0.080000 0.881091
0.013000 0.015000 0.967613
0.013000 0.045000 0.913867
0.013000 0.075000 0.883155
0.013000 0.010000 0.978286
0.013000 0.095000 0.855232
0.013000 0.040000 0.917562
0.013000 0.050000 0.909811
0.013000 0.065000 0.895014
0.013000 0.030000 0.936335
0.013000 0.055000 0.905299
0.014000 0.020000 0.956727
0.014000 0.000000 1.000000
0.014000 0.005000 0.988796
0.013000 0.070000 0.889279
0.013000 0.090000 0.862707
0.013000 0.085000 0.869863
0.013000 0.060000 0.900350
0.014000 0.035000 0.925649
0.014000 0.025000 0.946226
0.013000 0.080000 0.876684
0.014000 0.015000 0.967405
0.014000 0.045000 0.909297
0.014000 0.075000 0.878796
0.014000 0.010000 0.978125
0.014000 0.095000 0.851031
0.014000 0.050000 0.905248
0.014000 0.065000 0.890561
0.014000 0.040000 0.915494
0.014000 0.030000 0.935844
0.014000 0.055000 0.900786
0.015000 0.000000 1.000000
0.015000 0.005000 0.988673
0.015000 0.020000 0.956448
0.014000 0.070000 0.884871
0.014000 0.090000 0.858459
0.014000 0.085000 0.865568
0.015000 0.035000 0.925093
0.014000 0.060000 0.895884
0.015000 0.025000 0.945858
0.015000 0.015000 0.967198
0.014000 0.080000 0.872348
0.015000 0.075000 0.874493
0.015000 0.045000 0.905044
0.015000 0.010000 0.977958
0.015000 0.050000 0.900762
0.015000 0.095000 0.846895
0.015000 0.065000 0.886200
0.015000 0.040000 0.914897
0.015000 0.030000 0.935390
0.015000 0.055000 0.896329
0.016000 0.000000 1.000000
0.016000 0.005000 0.988546
0.016000 0.020000 0.956168
0.015000 0.070000 0.880519
0.015000 0.090000 0.854273
0.016000 0.035000 0.924529
0.015000 0.060000 0.891477
0.015000 0.085000 0.861343
0.016000 0.025000 0.945482
0.015000 0.080000 0.868095
0.016000 0.015000 0.966987
0.016000 0.075000 0.870245
0.016000 0.045000 0.904077
0.016000 0.010000 0.977785
0.016000 0.065000 0.881898
0.016000 0.050000 0.896437
0.016000 0.095000 0.842817
0.016000 0.040000 0.914292
0.016000 0.055000 0.891932
0.016000 0.030000 0.934948
0.017000 0.000000 1.000000
0.017000 0.005000 0.988413
0.017000 0.020000 0.955902
0.016000 0.070000 0.876264
0.017000 0.035000 0.924011
0.016000 0.090000 0.850157
0.016000 0.060000 0.887124
0.016000 0.085000 0.857196
0.017000 0.025000 0.945123
0.016000 0.080000 0.863898
0.017000 0.015000 0.966770
0.017000 0.075000 0.866090
0.017000 0.045000 0.903424
0.017000 0.010000 0.977607
0.017000 0.065000 0.877648
0.017000 0.095000 0.838810
0.017000 0.050000 0.893253
0.017000 0.055000 0.887664
0.017000 0.040000 0.913676
0.017000 0.030000 0.934519
0.018000 0.000000 1.000000
0.018000 0.005000 0.988276
0.018000 0.020000 0.955632
0.018000 0.035000 0.923510
0.017000 0.070000 0.872064
0.017000 0.090000 0.846115
0.017000 0.060000 0.882826
0.018000 0.025000 0.944775
0.017000 0.085000 0.853103
0.018000 0.075000 0.861993
0.017000 0.080000 0.859754
0.018000 0.015000 0.966548
0.018000 0.045000 0.902764
0.018000 0.010000 0.977423
0.018000 0.065000 0.873452
0.018000 0.050000 0.892492
0.018000 0.095000 0.834871
0.018000 0.055000 0.883638
0.018000 0.040000 0.913051
0.019000 0.000000 1.000000
0.019000 0.005000 0.988135
0.018000 0.030000 0.934090
0.019000 0.020000 0.955366
0.019000 0.035000 0.923008
0.018000 0.090000 0.842126
0.018000 0.070000 0.867917
0.018000 0.060000 0.878638
0.019000 0.025000 0.944432
0.019000 0.075000 0.857947
0.018000 0.080000 0.855698
0.018000 0.085000 0.849062
0.019000 0.015000 0.966321
0.019000 0.045000 0.902093
0.019000 0.010000 0.977234
0.019000 0.065000 0.869350
0.019000 0.050000 0.891786
0.019000 0.055000 0.881529
0.019000 0.095000 0.830985
0.019000 0.040000 0.912473
0.019000 0.030000 0.933654
0.019000 0.060000 0.874600
0.019000 0.090000 0.838188
0.019000 0.070000 0.863822
0.019000 0.080000 0.851701
0.019000 0.085000 0.845103
