0.000000 1.000000
0.010000 0.999035
0.020000 0.996115
0.030000 0.991231
0.040000 0.984404
0.050000 0.975683
0.060000 0.965142
0.070000 0.952874
0.080000 0.938988
0.090000 0.923604
0.100000 0.906855
0.110000 0.888878
0.120000 0.869816
0.130000 0.849814
0.140000 0.829016
0.150000 0.807567
0.160000 0.785607
0.170000 0.763271
0.180000 0.740690
0.190000 0.717988
0.200000 0.695285
0.210000 0.672689
0.220000 0.650303
0.230000 0.628220
0.240000 0.606529
0.250000 0.585301
0.260000 0.564603
0.270000 0.544498
0.280000 0.525039
0.290000 0.506260
0.300000 0.488198
0.310000 0.470883
0.320000 0.454344
0.330000 0.438610
0.340000 0.423665
0.350000 0.409511
0.360000 0.396155
0.370000 0.383591
0.380000 0.371793
0.390000 0.360755
0.400000 0.350454
0.410000 0.340851
0.420000 0.331930
0.430000 0.323661
0.440000 0.316017
0.450000 0.308992
0.460000 0.302543
0.470000 0.296634
0.480000 0.291240
0.490000 0.286320
0.500000 0.281847
0.510000 0.277816
0.520000 0.274170
0.530000 0.270893
0.540000 0.267958
0.550000 0.265343
0.560000 0.263025
0.570000 0.260977
0.580000 0.259172
0.590000 0.257591
0.600000 0.256213
0.610000 0.255022
0.620000 0.254000
0.630000 0.253133
0.640000 0.252405
0.650000 0.251801
0.660000 0.251310
0.670000 0.250918
0.680000 0.250614
0.690000 0.250386
0.700000 0.250223
0.710000 0.250114
0.720000 0.250048
0.730000 0.250014
0.740000 0.250002
0.750000 0.250000
0.760000 0.250002
0.770000 0.250014
0.780000 0.250048
0.790000 0.250114
0.800000 0.250221
0.810000 0.250382
0.820000 0.250606
0.830000 0.250902
0.840000 0.251282
0.850000 0.251754
0.860000 0.252330
0.870000 0.253019
0.880000 0.253832
0.890000 0.254780
0.900000 0.255873
0.910000 0.257120
0.920000 0.258535
0.930000 0.260127
0.940000 0.261914
0.950000 0.263898
0.960000 0.266093
0.970000 0.268510
0.980000 0.271151
0.990000 0.274022
