0.000000 1.000000
0.010000 0.999980
0.020000 0.999845
0.030000 0.999483
0.040000 0.998791
0.050000 0.997672
0.060000 0.996037
0.070000 0.993803
0.080000 0.990896
0.090000 0.987254
0.100000 0.982823
0.110000 0.977559
0.120000 0.971431
0.130000 0.964417
0.140000 0.956510
0.150000 0.947711
0.160000 0.938032
0.170000 0.927497
0.180000 0.916140
0.190000 0.904003
0.200000 0.891136
0.210000 0.877597
0.220000 0.863452
0.230000 0.848769
0.240000 0.833624
0.250000 0.818093
0.260000 0.802390
0.270000 0.786801
0.280000 0.771086
0.290000 0.755315
0.300000 0.739555
0.310000 0.723871
0.320000 0.708325
0.330000 0.693102
0.340000 0.678217
0.350000 0.663606
0.360000 0.650431
0.370000 0.637852
0.380000 0.625555
0.390000 0.613548
0.400000 0.602053
0.410000 0.591234
0.420000 0.580725
0.430000 0.570344
0.440000 0.560102
0.450000 0.550006
0.460000 0.540000
0.470000 0.530000
0.480000 0.520000
0.490000 0.510000
0.500000 0.500000
0.510000 0.510000
0.520000 0.520000
0.530000 0.530000
0.540000 0.540000
0.550000 0.550006
0.560000 0.560102
0.570000 0.570344
0.580000 0.580725
0.590000 0.591234
0.600000 0.602053
0.610000 0.613548
0.620000 0.625555
0.630000 0.637852
0.640000 0.650431
0.650000 0.663606
0.660000 0.678217
0.670000 0.693102
0.680000 0.708325
0.690000 0.723871
0.700000 0.739555
0.710000 0.755315
0.720000 0.771086
0.730000 0.786801
0.740000 0.802390
0.750000 0.818093
0.760000 0.833624
0.770000 0.848769
0.780000 0.863452
0.790000 0.877597
0.800000 0.891136
0.810000 0.904003
0.820000 0.916140
0.830000 0.927497
0.840000 0.938032
0.850000 0.947711
0.860000 0.956510
0.870000 0.964417
0.880000 0.971431
0.890000 0.977559
0.900000 0.982823
0.910000 0.987254
0.920000 0.990896
0.930000 0.993803
0.940000 0.996037
0.950000 0.997672
0.960000 0.998791
0.970000 0.999483
0.980000 0.999845
0.990000 0.999980
