0.035000 0.080000 0.815535
0.000000 0.360000 0.396155
0.010000 0.200000 0.662856
0.005000 0.260000 0.552674
0.025000 0.000000 1.000000
0.025000 0.140000 0.735489
0.010000 0.220000 0.621067
0.015000 0.180000 0.689372
0.025000 0.040000 0.909199
0.025000 0.020000 0.953678
0.010000 0.240000 0.580466
0.010000 0.280000 0.505089
0.000000 0.380000 0.371793
0.010000 0.320000 0.439803
0.010000 0.300000 0.471071
0.005000 0.360000 0.390888
0.040000 0.080000 0.811305
0.015000 0.200000 0.648558
0.030000 0.140000 0.720449
0.015000 0.220000 0.608206
0.020000 0.180000 0.674652
0.015000 0.240000 0.569000
0.010000 0.260000 0.541642
0.030000 0.000000 1.000000
0.025000 0.100000 0.801613
0.015000 0.320000 0.433216
0.015000 0.300000 0.463350
0.040000 0.120000 0.727648
0.010000 0.360000 0.385973
0.030000 0.040000 0.906624
0.045000 0.080000 0.807274
0.030000 0.020000 0.952140
0.020000 0.200000 0.635185
0.035000 0.140000 0.706592
0.020000 0.220000 0.596174
0.025000 0.180000 0.660830
0.020000 0.240000 0.558287
0.020000 0.280000 0.487930
0.015000 0.340000 0.405895
0.020000 0.300000 0.456222
0.010000 0.380000 0.363401
0.015000 0.360000 0.381370
0.015000 0.260000 0.531519
0.050000 0.080000 0.803423
0.025000 0.200000 0.622608
0.030000 0.100000 0.785125
0.035000 0.000000 1.000000
0.040000 0.140000 0.693982
0.035000 0.040000 0.904263
0.025000 0.220000 0.584860
0.030000 0.180000 0.647959
0.035000 0.020000 0.950524
0.025000 0.280000 0.480220
0.025000 0.240000 0.548221
0.020000 0.340000 0.400718
0.030000 0.200000 0.610891
0.020000 0.360000 0.377041
0.050000 0.120000 0.716649
0.055000 0.080000 0.799738
0.055000 0.060000 0.846454
0.040000 0.160000 0.659802
0.015000 0.380000 0.359605
0.025000 0.320000 0.421422
0.025000 0.300000 0.449565
0.020000 0.260000 0.522061
0.045000 0.140000 0.683151
0.030000 0.280000 0.472967
0.030000 0.220000 0.574278
0.035000 0.180000 0.635920
0.030000 0.240000 0.538777
0.035000 0.100000 0.773519
0.040000 0.000000 1.000000
0.025000 0.340000 0.395894
0.040000 0.040000 0.901916
0.035000 0.200000 0.599917
0.055000 0.120000 0.712044
0.025000 0.360000 0.372999
0.060000 0.080000 0.796141
0.040000 0.020000 0.948887
0.060000 0.060000 0.843476
0.020000 0.380000 0.356034
0.045000 0.160000 0.648914
0.030000 0.320000 0.416094
0.030000 0.300000 0.443313
0.025000 0.260000 0.513203
0.050000 0.140000 0.676020
0.035000 0.280000 0.466196
0.040000 0.180000 0.624794
0.035000 0.220000 0.564417
0.035000 0.240000 0.529985
0.030000 0.340000 0.391389
0.040000 0.200000 0.589730
0.060000 0.120000 0.707686
0.030000 0.360000 0.369233
0.065000 0.080000 0.792786
0.065000 0.060000 0.840542
0.025000 0.380000 0.352682
0.050000 0.160000 0.639447
0.035000 0.320000 0.411108
0.035000 0.300000 0.437474
0.030000 0.260000 0.504878
0.040000 0.100000 0.768394
0.045000 0.000000 1.000000
0.040000 0.280000 0.459873
0.055000 0.140000 0.670932
0.045000 0.040000 0.899496
0.045000 0.180000 0.614612
0.045000 0.020000 0.947171
0.040000 0.220000 0.555181
0.040000 0.240000 0.521763
0.035000 0.340000 0.387182
0.065000 0.120000 0.703502
0.045000 0.200000 0.580345
0.035000 0.360000 0.365724
0.070000 0.080000 0.789515
0.070000 0.060000 0.837706
0.030000 0.380000 0.349567
0.055000 0.160000 0.632039
0.040000 0.320000 0.406450
0.040000 0.300000 0.432016
0.035000 0.260000 0.497118
0.045000 0.280000 0.453992
0.060000 0.140000 0.666300
0.050000 0.180000 0.605326
0.045000 0.220000 0.546697
0.045000 0.240000 0.514147
0.040000 0.340000 0.383256
0.045000 0.100000 0.763652
0.050000 0.000000 1.000000
0.070000 0.120000 0.699523
0.050000 0.200000 0.571706
0.040000 0.360000 0.362457
0.050000 0.040000 0.897025
0.075000 0.080000 0.786355
0.050000 0.020000 0.945430
0.035000 0.380000 0.346675
0.075000 0.060000 0.834945
0.060000 0.160000 0.626975
0.045000 0.320000 0.402124
0.045000 0.300000 0.426944
0.040000 0.260000 0.489869
0.050000 0.280000 0.448539
0.065000 0.140000 0.661936
0.055000 0.180000 0.597161
0.050000 0.220000 0.538823
0.050000 0.240000 0.507098
0.045000 0.340000 0.379616
0.075000 0.120000 0.695776
0.055000 0.200000 0.563883
0.045000 0.360000 0.359429
0.080000 0.080000 0.783324
0.080000 0.060000 0.832209
0.050000 0.320000 0.398114
0.065000 0.160000 0.622445
0.040000 0.380000 0.343989
0.050000 0.300000 0.422237
0.045000 0.260000 0.483133
0.055000 0.280000 0.443450
0.050000 0.100000 0.759213
0.055000 0.000000 1.000000
0.055000 0.040000 0.894596
0.060000 0.180000 0.590228
0.070000 0.140000 0.657838
0.055000 0.220000 0.531584
0.055000 0.020000 0.943669
0.055000 0.240000 0.500560
0.050000 0.340000 0.376243
0.080000 0.120000 0.692140
0.060000 0.200000 0.556923
0.050000 0.360000 0.356613
0.085000 0.080000 0.780401
0.085000 0.060000 0.829568
0.045000 0.380000 0.341495
0.055000 0.320000 0.394367
0.070000 0.160000 0.618253
0.050000 0.260000 0.476894
0.060000 0.280000 0.438768
0.055000 0.300000 0.417835
0.065000 0.180000 0.585253
0.075000 0.140000 0.653891
0.055000 0.340000 0.373092
0.060000 0.220000 0.525080
0.085000 0.120000 0.688739
0.060000 0.240000 0.494610
0.065000 0.200000 0.550789
0.055000 0.360000 0.353998
0.055000 0.100000 0.754986
0.060000 0.000000 1.000000
0.060000 0.040000 0.892198
0.090000 0.080000 0.777578
0.050000 0.380000 0.339178
0.090000 0.060000 0.827021
0.060000 0.320000 0.390898
0.060000 0.020000 0.941878
0.075000 0.160000 0.614282
0.065000 0.280000 0.434503
0.055000 0.260000 0.471105
0.060000 0.300000 0.413782
0.070000 0.180000 0.580923
0.080000 0.140000 0.650141
0.060000 0.340000 0.370172
0.090000 0.120000 0.685551
0.065000 0.220000 0.519210
0.070000 0.200000 0.546067
0.060000 0.360000 0.351582
0.065000 0.240000 0.489241
0.095000 0.080000 0.774864
0.070000 0.280000 0.430620
0.095000 0.060000 0.824567
0.055000 0.380000 0.337034
0.065000 0.320000 0.387718
0.060000 0.260000 0.465760
0.080000 0.160000 0.610552
0.060000 0.100000 0.750957
0.065000 0.040000 0.889776
0.065000 0.000000 1.000000
0.065000 0.300000 0.410065
0.075000 0.180000 0.576993
0.085000 0.140000 0.646654
0.065000 0.340000 0.367482
0.065000 0.020000 0.940053
0.095000 0.120000 0.682515
0.075000 0.200000 0.542033
0.065000 0.360000 0.349348
0.070000 0.220000 0.513980
0.070000 0.240000 0.484354
0.075000 0.280000 0.427053
0.065000 0.260000 0.460937
0.070000 0.320000 0.384792
0.060000 0.380000 0.335065
0.085000 0.160000 0.606990
0.080000 0.180000 0.573260
0.070000 0.300000 0.406667
0.090000 0.140000 0.643302
0.070000 0.340000 0.365011
0.080000 0.200000 0.538450
0.070000 0.360000 0.347288
0.075000 0.220000 0.509635
0.075000 0.240000 0.479968
0.070000 0.040000 0.887383
0.065000 0.100000 0.747134
0.070000 0.000000 1.000000
0.080000 0.280000 0.423784
0.070000 0.020000 0.938188
0.070000 0.260000 0.456554
0.075000 0.320000 0.382127
0.065000 0.380000 0.333250
0.090000 0.160000 0.603634
0.085000 0.180000 0.569793
0.075000 0.300000 0.403573
0.095000 0.140000 0.640145
0.075000 0.340000 0.362747
0.085000 0.200000 0.535065
0.075000 0.360000 0.345409
0.080000 0.220000 0.506029
0.080000 0.240000 0.476175
0.085000 0.280000 0.420822
0.075000 0.260000 0.452534
0.080000 0.320000 0.379686
0.070000 0.380000 0.331564
0.095000 0.160000 0.600520
0.075000 0.040000 0.885092
0.090000 0.180000 0.566531
0.075000 0.000000 1.000000
0.070000 0.100000 0.743382
0.080000 0.300000 0.400710
0.080000 0.340000 0.360693
0.075000 0.020000 0.936370
0.090000 0.200000 0.531892
0.080000 0.360000 0.343685
0.085000 0.220000 0.502796
0.085000 0.240000 0.472999
0.090000 0.280000 0.418185
0.080000 0.260000 0.448893
0.085000 0.320000 0.377443
0.075000 0.380000 0.330022
0.095000 0.180000 0.563423
0.085000 0.340000 0.358801
0.085000 0.300000 0.398104
0.095000 0.200000 0.528949
0.085000 0.360000 0.342117
0.080000 0.040000 0.882816
0.075000 0.100000 0.739894
0.080000 0.000000 1.000000
0.090000 0.220000 0.499801
0.090000 0.240000 0.470138
0.095000 0.280000 0.415919
0.080000 0.020000 0.935959
0.085000 0.260000 0.445684
0.090000 0.320000 0.375407
0.080000 0.380000 0.328598
0.090000 0.340000 0.357071
0.090000 0.300000 0.395749
0.090000 0.360000 0.340672
0.095000 0.220000 0.496985
0.095000 0.240000 0.467537
0.090000 0.260000 0.442963
0.085000 0.040000 0.880553
0.095000 0.320000 0.373565
0.085000 0.380000 0.327299
0.080000 0.100000 0.736569
0.085000 0.000000 1.000000
0.095000 0.340000 0.355503
0.095000 0.360000 0.339358
0.085000 0.020000 0.935533
0.095000 0.300000 0.393628
0.095000 0.260000 0.440508
0.090000 0.380000 0.326106
0.090000 0.040000 0.878288
0.085000 0.100000 0.733367
0.090000 0.000000 1.000000
0.090000 0.020000 0.935088
0.095000 0.380000 0.325025
0.095000 0.040000 0.876043
0.090000 0.100000 0.730295
0.095000 0.000000 1.000000
0.095000 0.020000 0.934622
0.095000 0.100000 0.727394
