0.000000 0.035000 0.999184
0.000000 0.050000 0.997672
0.000000 0.045000 0.998291
0.000000 0.055000 0.996925
0.000000 0.065000 0.994999
0.000000 0.060000 0.996037
0.010000 0.010000 0.997542
0.000000 0.075000 0.992438
0.000000 0.070000 0.993803
0.010000 0.005000 0.998713
0.010000 0.015000 0.996761
0.000000 0.030000 0.999483
0.000000 0.040000 0.998791
0.000000 0.085000 0.989171
0.000000 0.090000 0.987254
0.000000 0.080000 0.990896
0.010000 0.020000 0.995916
0.000000 0.095000 0.985140
0.010000 0.025000 0.994975
0.010000 0.035000 0.992747
0.010000 0.050000 0.988489
0.010000 0.045000 0.990012
0.010000 0.055000 0.986820
0.020000 0.010000 0.994827
0.010000 0.065000 0.982994
0.010000 0.060000 0.984991
0.010000 0.075000 0.978471
0.010000 0.070000 0.980822
0.020000 0.005000 0.996903
0.020000 0.015000 0.992534
0.010000 0.085000 0.973305
0.010000 0.090000 0.970478
0.020000 0.020000 0.990029
0.010000 0.095000 0.967478
0.010000 0.080000 0.975954
0.020000 0.025000 0.988206
0.020000 0.035000 0.984371
0.020000 0.050000 0.977500
0.020000 0.045000 0.979959
0.010000 0.030000 0.993921
0.020000 0.055000 0.974869
0.030000 0.010000 0.991530
0.020000 0.065000 0.969131
0.010000 0.040000 0.991449
0.020000 0.075000 0.962761
0.020000 0.070000 0.965995
0.030000 0.005000 0.994525
0.020000 0.060000 0.972085
0.030000 0.015000 0.988352
0.020000 0.085000 0.955784
0.020000 0.090000 0.952005
0.030000 0.020000 0.984940
0.020000 0.095000 0.948030
0.020000 0.080000 0.959368
0.030000 0.025000 0.981294
0.030000 0.035000 0.974373
0.030000 0.050000 0.965029
0.030000 0.045000 0.968287
0.030000 0.055000 0.961593
0.040000 0.010000 0.987654
0.030000 0.065000 0.954177
0.030000 0.070000 0.950177
0.030000 0.075000 0.946007
0.040000 0.005000 0.991751
0.040000 0.015000 0.983621
0.030000 0.060000 0.957982
0.020000 0.030000 0.986349
0.030000 0.090000 0.932522
0.040000 0.020000 0.979357
0.030000 0.095000 0.927733
0.030000 0.085000 0.937200
0.030000 0.080000 0.941693
0.040000 0.035000 0.965135
0.040000 0.025000 0.974852
0.040000 0.050000 0.951437
0.020000 0.040000 0.982245
0.040000 0.045000 0.955542
0.040000 0.055000 0.947160
0.050000 0.010000 0.983507
0.040000 0.065000 0.938203
0.040000 0.075000 0.928543
0.040000 0.070000 0.933458
0.050000 0.015000 0.978360
0.050000 0.005000 0.988506
0.040000 0.060000 0.942757
0.040000 0.090000 0.912703
0.050000 0.020000 0.973272
0.040000 0.095000 0.907139
0.040000 0.085000 0.918154
0.050000 0.035000 0.956629
0.050000 0.025000 0.967957
0.040000 0.080000 0.923444
0.050000 0.050000 0.938166
0.030000 0.030000 0.977452
0.050000 0.045000 0.944410
0.060000 0.010000 0.979054
0.050000 0.055000 0.932298
0.050000 0.065000 0.921607
0.050000 0.075000 0.910464
0.060000 0.015000 0.972866
0.050000 0.070000 0.916100
0.060000 0.005000 0.984835
0.050000 0.060000 0.926973
0.030000 0.040000 0.971394
0.050000 0.090000 0.892647
0.060000 0.020000 0.966724
0.050000 0.095000 0.886391
0.050000 0.085000 0.898755
0.000000 0.000000 1.000000
0.060000 0.035000 0.947786
0.060000 0.025000 0.960627
0.050000 0.080000 0.904695
0.060000 0.050000 0.926938
0.060000 0.045000 0.934087
0.070000 0.010000 0.974234
0.060000 0.055000 0.919627
0.060000 0.065000 0.905293
0.070000 0.015000 0.967314
0.060000 0.070000 0.898752
0.060000 0.075000 0.892316
0.070000 0.005000 0.982200
0.040000 0.030000 0.970114
0.060000 0.060000 0.912379
0.060000 0.090000 0.872473
0.070000 0.020000 0.960035
0.060000 0.095000 0.865650
0.060000 0.085000 0.879198
0.070000 0.035000 0.938616
0.070000 0.025000 0.952912
0.060000 0.080000 0.885801
0.070000 0.050000 0.915731
0.080000 0.010000 0.969089
0.070000 0.045000 0.923552
0.040000 0.040000 0.960032
0.070000 0.055000 0.907752
0.070000 0.065000 0.891383
0.080000 0.015000 0.961446
0.070000 0.070000 0.883284
0.070000 0.075000 0.875201
0.080000 0.005000 0.981574
0.070000 0.090000 0.852694
0.070000 0.060000 0.899612
0.070000 0.095000 0.845216
0.080000 0.020000 0.953491
0.080000 0.035000 0.929192
0.070000 0.085000 0.860122
0.080000 0.025000 0.945227
0.090000 0.010000 0.963718
0.080000 0.050000 0.904405
0.050000 0.030000 0.962410
0.070000 0.080000 0.867585
0.080000 0.045000 0.912830
0.080000 0.055000 0.895821
0.090000 0.015000 0.955357
0.080000 0.065000 0.878236
0.080000 0.070000 0.869295
0.080000 0.075000 0.860356
0.090000 0.005000 0.980860
0.080000 0.090000 0.834149
0.090000 0.020000 0.946705
0.080000 0.095000 0.825858
0.080000 0.060000 0.887090
0.050000 0.040000 0.950632
0.090000 0.025000 0.937809
0.090000 0.035000 0.919658
0.080000 0.085000 0.842704
0.100000 0.010000 0.962179
0.090000 0.050000 0.892979
0.090000 0.045000 0.901984
0.080000 0.080000 0.851535
0.100000 0.015000 0.949003
0.090000 0.055000 0.883843
0.090000 0.065000 0.865216
0.090000 0.070000 0.855747
0.090000 0.075000 0.846219
0.060000 0.030000 0.954312
0.100000 0.005000 0.980049
0.100000 0.020000 0.939786
0.090000 0.095000 0.808402
0.090000 0.090000 0.817795
0.090000 0.060000 0.874589
0.100000 0.025000 0.930235
0.100000 0.035000 0.910564
0.090000 0.085000 0.827194
0.110000 0.010000 0.961000
0.100000 0.050000 0.881531
0.100000 0.045000 0.891078
0.090000 0.080000 0.836668
0.060000 0.040000 0.941037
0.110000 0.015000 0.943195
0.100000 0.055000 0.871882
0.100000 0.065000 0.852293
0.100000 0.070000 0.842378
0.100000 0.075000 0.832393
0.110000 0.020000 0.932671
0.100000 0.095000 0.792529
0.110000 0.005000 0.979140
0.100000 0.090000 0.802376
0.100000 0.060000 0.862126
0.110000 0.025000 0.922613
0.110000 0.035000 0.901783
0.120000 0.010000 0.959714
0.100000 0.085000 0.812361
0.110000 0.050000 0.870205
0.070000 0.030000 0.945864
0.110000 0.045000 0.880617
0.100000 0.080000 0.822375
0.120000 0.015000 0.941498
0.110000 0.055000 0.859996
0.110000 0.065000 0.839515
0.110000 0.070000 0.829193
0.110000 0.075000 0.818829
0.120000 0.020000 0.925571
0.110000 0.095000 0.777314
0.120000 0.005000 0.978120
0.120000 0.025000 0.914854
0.110000 0.060000 0.849790
0.110000 0.090000 0.787636
0.120000 0.035000 0.893058
0.070000 0.040000 0.931183
0.130000 0.010000 0.958323
0.120000 0.050000 0.859507
0.110000 0.085000 0.798010
0.120000 0.045000 0.870701
0.130000 0.015000 0.939868
0.110000 0.080000 0.808421
0.120000 0.055000 0.848547
0.120000 0.065000 0.826959
0.120000 0.070000 0.816260
0.130000 0.020000 0.921668
0.120000 0.075000 0.805539
0.080000 0.030000 0.937126
0.130000 0.025000 0.907141
0.120000 0.095000 0.762711
0.130000 0.005000 0.976989
0.120000 0.060000 0.837645
0.120000 0.090000 0.773362
0.130000 0.035000 0.884388
0.140000 0.010000 0.956828
0.130000 0.050000 0.849406
0.010000 0.000000 1.000000
0.120000 0.085000 0.784081
0.130000 0.045000 0.861113
0.140000 0.015000 0.938130
0.130000 0.055000 0.837700
0.080000 0.040000 0.921098
0.120000 0.080000 0.794810
0.130000 0.065000 0.814874
0.130000 0.070000 0.803629
0.140000 0.020000 0.919676
0.130000 0.075000 0.792584
0.140000 0.025000 0.901691
0.130000 0.095000 0.748651
0.130000 0.060000 0.826210
0.140000 0.005000 0.975820
0.140000 0.035000 0.875686
0.130000 0.090000 0.759586
0.150000 0.010000 0.955222
0.140000 0.050000 0.839635
0.130000 0.085000 0.770566
0.090000 0.030000 0.928661
0.140000 0.045000 0.851756
0.150000 0.015000 0.936296
0.140000 0.055000 0.827497
0.140000 0.065000 0.803469
0.140000 0.070000 0.791774
0.150000 0.020000 0.917626
0.130000 0.080000 0.781563
0.140000 0.075000 0.780189
0.150000 0.025000 0.899216
0.140000 0.095000 0.735164
0.140000 0.060000 0.815424
0.150000 0.005000 0.975299
0.160000 0.010000 0.953537
0.140000 0.090000 0.746293
0.150000 0.035000 0.867323
0.150000 0.050000 0.830083
0.090000 0.040000 0.910848
0.140000 0.085000 0.757470
0.160000 0.015000 0.934364
0.150000 0.045000 0.842463
0.150000 0.055000 0.817654
0.150000 0.065000 0.792825
0.150000 0.070000 0.780575
0.160000 0.020000 0.915484
0.140000 0.080000 0.768729
0.160000 0.025000 0.896886
0.100000 0.030000 0.920494
0.150000 0.075000 0.768544
0.150000 0.095000 0.722165
0.170000 0.010000 0.951991
0.160000 0.035000 0.861001
0.160000 0.005000 0.975299
0.150000 0.090000 0.733494
0.150000 0.060000 0.805202
0.160000 0.050000 0.820637
0.150000 0.085000 0.745039
0.170000 0.015000 0.932354
0.160000 0.045000 0.833364
0.160000 0.055000 0.807982
0.160000 0.070000 0.770116
0.160000 0.065000 0.782696
0.170000 0.020000 0.913264
0.170000 0.025000 0.894475
0.100000 0.040000 0.900755
0.160000 0.075000 0.757676
0.150000 0.080000 0.756730
0.160000 0.095000 0.709921
0.180000 0.010000 0.951188
0.170000 0.035000 0.857811
0.160000 0.090000 0.721595
0.170000 0.005000 0.975299
0.170000 0.050000 0.811645
0.160000 0.060000 0.795334
0.110000 0.030000 0.912273
0.160000 0.085000 0.733409
0.180000 0.015000 0.930312
0.170000 0.045000 0.825026
0.170000 0.055000 0.798549
0.170000 0.070000 0.760106
0.180000 0.020000 0.910986
0.180000 0.025000 0.892005
0.170000 0.065000 0.772847
0.170000 0.075000 0.747447
0.190000 0.010000 0.951188
0.170000 0.095000 0.698504
0.160000 0.080000 0.745430
0.170000 0.090000 0.710416
0.180000 0.035000 0.855019
0.180000 0.005000 0.975299
0.180000 0.050000 0.803647
0.170000 0.060000 0.785646
0.170000 0.085000 0.722548
0.190000 0.015000 0.928608
0.110000 0.040000 0.891167
0.180000 0.045000 0.819770
0.180000 0.055000 0.789814
0.190000 0.020000 0.908680
0.180000 0.070000 0.750381
0.190000 0.025000 0.889501
0.180000 0.065000 0.763305
0.120000 0.030000 0.904071
0.180000 0.075000 0.737578
0.180000 0.095000 0.687869
0.180000 0.090000 0.700037
0.170000 0.080000 0.734916
0.190000 0.035000 0.852185
0.190000 0.050000 0.799151
0.190000 0.005000 0.975299
0.180000 0.060000 0.776415
0.180000 0.085000 0.712385
0.190000 0.045000 0.816252
0.190000 0.055000 0.782633
0.190000 0.070000 0.741153
0.190000 0.065000 0.754474
0.190000 0.075000 0.728125
0.190000 0.095000 0.677907
0.190000 0.090000 0.690180
0.120000 0.040000 0.881912
0.180000 0.080000 0.724910
0.020000 0.000000 1.000000
0.190000 0.060000 0.768063
0.130000 0.030000 0.895783
0.190000 0.085000 0.702650
0.190000 0.080000 0.715308
0.130000 0.040000 0.872816
0.140000 0.030000 0.887653
0.140000 0.040000 0.863781
0.150000 0.030000 0.881448
0.150000 0.040000 0.854799
0.160000 0.030000 0.878568
0.170000 0.030000 0.875991
0.160000 0.040000 0.846373
0.030000 0.000000 1.000000
0.180000 0.030000 0.873349
0.170000 0.040000 0.840415
0.190000 0.030000 0.870675
0.180000 0.040000 0.837018
0.190000 0.040000 0.834045
