0.000000 0.000000 1.000000
0.000000 0.025000 0.999699
0.000000 0.050000 0.997672
0.000000 0.075000 0.992438
0.000000 0.125000 0.968035
0.000000 0.100000 0.982823
0.000000 0.175000 0.921919
0.000000 0.200000 0.891136
0.000000 0.150000 0.947711
0.000000 0.225000 0.856173
0.000000 0.275000 0.778955
0.000000 0.250000 0.818093
0.000000 0.325000 0.700632
0.000000 0.300000 0.739555
0.000000 0.375000 0.631668
0.000000 0.350000 0.663606
0.000000 0.400000 0.602053
0.000000 0.425000 0.575523
0.000000 0.450000 0.550006
0.000000 0.475000 0.525000
0.003500 0.000000 1.000000
0.003500 0.025000 0.998289
0.003500 0.050000 0.994726
0.003500 0.075000 0.987920
0.003500 0.125000 0.960397
0.003500 0.100000 0.976717
0.003500 0.175000 0.911671
0.003500 0.200000 0.879895
0.003500 0.150000 0.938674
0.003500 0.225000 0.844180
0.003500 0.275000 0.766119
0.003500 0.325000 0.687702
0.003500 0.250000 0.805584
0.003500 0.375000 0.619120
0.003500 0.350000 0.650852
0.003500 0.400000 0.589821
0.003500 0.425000 0.563690
0.003500 0.450000 0.538651
0.003500 0.475000 0.514161
0.007000 0.000000 1.000000
0.007000 0.025000 0.996614
0.007000 0.050000 0.991494
0.007000 0.075000 0.982919
0.007000 0.125000 0.952423
0.007000 0.100000 0.970187
0.007000 0.175000 0.901266
0.007000 0.200000 0.868596
0.007000 0.150000 0.929387
0.007000 0.325000 0.675063
0.007000 0.275000 0.753467
0.007000 0.225000 0.832215
0.007000 0.250000 0.793185
0.007000 0.300000 0.713859
0.007000 0.375000 0.606924
0.007000 0.350000 0.638427
0.007000 0.400000 0.577957
0.007000 0.425000 0.552230
0.007000 0.450000 0.527668
0.007000 0.475000 0.503686
0.010500 0.050000 0.987968
0.010500 0.025000 0.994683
0.010500 0.000000 1.000000
0.010500 0.075000 0.977728
0.010500 0.125000 0.944164
0.010500 0.100000 0.963294
0.010500 0.175000 0.890746
0.010500 0.200000 0.857265
0.010500 0.325000 0.662714
0.010500 0.150000 0.919906
0.010500 0.275000 0.741006
0.010500 0.225000 0.820303
0.010500 0.300000 0.701379
0.010500 0.250000 0.780910
0.010500 0.375000 0.595074
0.010500 0.400000 0.566453
0.010500 0.350000 0.626324
0.010500 0.425000 0.541135
0.010500 0.450000 0.517046
0.010500 0.475000 0.493566
0.014000 0.050000 0.984263
0.014000 0.075000 0.972400
0.014000 0.025000 0.992492
0.014000 0.000000 1.000000
0.014000 0.125000 0.935670
0.014000 0.100000 0.956175
0.014000 0.175000 0.880152
0.014000 0.325000 0.650650
0.014000 0.275000 0.728742
0.014000 0.200000 0.845928
0.014000 0.150000 0.910263
0.014000 0.225000 0.808459
0.014000 0.300000 0.689145
0.014000 0.250000 0.768775
0.014000 0.400000 0.555301
0.014000 0.375000 0.583562
0.014000 0.350000 0.614540
0.014000 0.425000 0.530393
0.014000 0.450000 0.506776
0.017500 0.050000 0.980381
0.014000 0.475000 0.483791
0.017500 0.025000 0.990061
0.017500 0.000000 1.000000
0.017500 0.075000 0.966851
0.017500 0.125000 0.926969
0.017500 0.100000 0.948979
0.017500 0.175000 0.869504
0.017500 0.325000 0.638872
0.017500 0.275000 0.716679
0.017500 0.150000 0.900499
0.017500 0.200000 0.834615
0.017500 0.225000 0.796702
0.017500 0.250000 0.756788
0.017500 0.300000 0.677158
0.017500 0.400000 0.544491
0.017500 0.350000 0.603069
0.017500 0.375000 0.572381
0.017500 0.425000 0.519997
0.021000 0.050000 0.976321
0.021000 0.075000 0.961099
0.021000 0.025000 0.987437
0.021000 0.000000 1.000000
0.017500 0.450000 0.496847
0.017500 0.475000 0.474351
0.021000 0.125000 0.918177
0.021000 0.100000 0.941801
0.021000 0.175000 0.858831
0.021000 0.325000 0.627375
0.021000 0.275000 0.704824
0.021000 0.150000 0.890635
0.021000 0.200000 0.823343
0.021000 0.400000 0.534016
0.021000 0.250000 0.744956
0.021000 0.300000 0.665418
0.021000 0.225000 0.785046
0.021000 0.350000 0.591904
0.021000 0.375000 0.561525
0.021000 0.425000 0.509937
0.024500 0.050000 0.972068
0.024500 0.075000 0.955319
0.024500 0.025000 0.984686
0.024500 0.000000 1.000000
0.021000 0.450000 0.487251
0.021000 0.475000 0.465236
0.024500 0.125000 0.909336
0.024500 0.100000 0.934512
0.024500 0.175000 0.848153
0.024500 0.325000 0.616157
0.024500 0.275000 0.693182
0.024500 0.150000 0.880691
0.024500 0.200000 0.812129
0.024500 0.400000 0.523867
0.024500 0.250000 0.733287
0.024500 0.300000 0.653927
0.024500 0.225000 0.773504
0.024500 0.350000 0.581042
0.024500 0.375000 0.550987
0.024500 0.425000 0.500204
0.028000 0.050000 0.967633
0.028000 0.075000 0.949429
0.028000 0.025000 0.982524
0.028000 0.000000 1.000000
0.024500 0.450000 0.477978
0.028000 0.125000 0.900564
0.024500 0.475000 0.456439
0.028000 0.100000 0.927107
0.028000 0.175000 0.837489
0.028000 0.325000 0.605217
0.028000 0.275000 0.681753
0.028000 0.200000 0.800985
0.028000 0.400000 0.514035
0.028000 0.150000 0.870729
0.028000 0.250000 0.721792
0.028000 0.300000 0.642686
0.028000 0.225000 0.762087
0.028000 0.350000 0.570477
0.028000 0.375000 0.540759
0.031500 0.050000 0.963044
0.028000 0.425000 0.490789
0.031500 0.075000 0.943429
0.031500 0.025000 0.980358
0.031500 0.000000 1.000000
0.028000 0.450000 0.469019
0.031500 0.125000 0.891876
0.028000 0.475000 0.447949
0.031500 0.100000 0.919599
0.031500 0.325000 0.594550
0.031500 0.175000 0.826849
0.031500 0.275000 0.670542
0.031500 0.200000 0.789927
0.031500 0.400000 0.504514
0.031500 0.150000 0.860794
0.031500 0.300000 0.631694
0.031500 0.250000 0.710476
0.031500 0.225000 0.750806
0.031500 0.350000 0.560203
0.035000 0.050000 0.958318
0.035000 0.075000 0.937370
0.031500 0.375000 0.530836
0.031500 0.425000 0.481684
0.035000 0.025000 0.978131
0.035000 0.000000 1.000000
0.035000 0.125000 0.883208
0.031500 0.450000 0.460365
0.031500 0.475000 0.439758
0.035000 0.100000 0.912081
0.035000 0.325000 0.584153
0.035000 0.175000 0.816251
0.035000 0.275000 0.659549
0.035000 0.200000 0.778964
0.035000 0.400000 0.495295
0.035000 0.150000 0.850897
0.035000 0.300000 0.620949
0.035000 0.250000 0.699346
0.038500 0.050000 0.953514
0.038500 0.075000 0.931213
0.035000 0.350000 0.550214
0.035000 0.225000 0.739673
0.035000 0.425000 0.472879
0.035000 0.375000 0.521210
0.038500 0.025000 0.975847
0.038500 0.000000 1.000000
0.038500 0.125000 0.874530
0.035000 0.450000 0.452008
0.038500 0.100000 0.904621
0.035000 0.475000 0.431856
0.038500 0.325000 0.574026
0.038500 0.275000 0.648775
0.038500 0.175000 0.805733
0.038500 0.400000 0.486369
0.038500 0.200000 0.768111
0.038500 0.150000 0.841093
0.038500 0.300000 0.610453
0.042000 0.050000 0.948632
0.038500 0.250000 0.688400
0.042000 0.075000 0.924960
0.042000 0.025000 0.973510
0.038500 0.350000 0.540507
0.038500 0.425000 0.464368
0.042000 0.000000 1.000000
0.038500 0.225000 0.728690
0.038500 0.375000 0.511876
0.042000 0.125000 0.865844
0.042000 0.325000 0.564163
0.042000 0.100000 0.897128
0.038500 0.450000 0.443940
0.038500 0.475000 0.424237
0.042000 0.275000 0.638220
0.042000 0.175000 0.795320
0.042000 0.400000 0.477731
0.042000 0.200000 0.757376
0.042000 0.150000 0.831490
0.042000 0.300000 0.600201
0.045500 0.050000 0.943742
0.045500 0.075000 0.918657
0.042000 0.250000 0.677651
0.045500 0.025000 0.971117
0.045500 0.000000 1.000000
0.042000 0.425000 0.456142
0.042000 0.350000 0.531074
0.045500 0.125000 0.857164
0.042000 0.225000 0.717861
0.042000 0.375000 0.502826
0.045500 0.325000 0.554561
0.042000 0.450000 0.436151
0.042000 0.475000 0.416891
0.045500 0.100000 0.889604
0.045500 0.275000 0.627890
0.045500 0.400000 0.469371
0.045500 0.175000 0.785021
0.045500 0.200000 0.746761
0.049000 0.050000 0.939330
0.045500 0.150000 0.821996
0.045500 0.300000 0.590192
0.049000 0.075000 0.912290
0.049000 0.025000 0.968667
0.045500 0.250000 0.667100
0.049000 0.000000 1.000000
0.045500 0.425000 0.448193
0.049000 0.125000 0.848574
0.045500 0.350000 0.521912
0.045500 0.225000 0.707196
0.045500 0.375000 0.494053
0.049000 0.325000 0.545217
0.049000 0.275000 0.617786
0.049000 0.100000 0.882102
0.045500 0.450000 0.428635
0.045500 0.475000 0.409811
0.049000 0.400000 0.461284
0.049000 0.200000 0.736290
0.049000 0.175000 0.774838
0.052500 0.050000 0.935275
0.052500 0.075000 0.905910
0.049000 0.300000 0.580425
0.049000 0.150000 0.812626
0.052500 0.025000 0.966162
0.052500 0.000000 1.000000
0.049000 0.250000 0.656747
0.052500 0.125000 0.840106
0.049000 0.425000 0.440512
0.049000 0.350000 0.513016
0.049000 0.375000 0.485551
0.049000 0.225000 0.696696
0.052500 0.325000 0.536126
0.052500 0.275000 0.607903
0.052500 0.100000 0.874641
0.052500 0.400000 0.453462
0.049000 0.475000 0.402988
0.049000 0.450000 0.421382
0.052500 0.200000 0.725968
0.052500 0.175000 0.764821
0.056000 0.050000 0.931378
0.056000 0.075000 0.899537
0.056000 0.025000 0.963606
0.052500 0.300000 0.570898
0.052500 0.150000 0.803336
0.056000 0.000000 1.000000
0.056000 0.125000 0.831716
0.052500 0.250000 0.646597
0.052500 0.425000 0.433093
0.052500 0.350000 0.504378
0.056000 0.325000 0.527282
0.052500 0.375000 0.477313
0.052500 0.225000 0.686374
0.056000 0.275000 0.598242
0.056000 0.400000 0.445897
0.052500 0.475000 0.396416
0.056000 0.100000 0.867181
0.052500 0.450000 0.414386
0.056000 0.200000 0.715812
0.059500 0.050000 0.927494
0.056000 0.175000 0.755036
0.059500 0.075000 0.893216
0.059500 0.025000 0.961002
0.056000 0.300000 0.561607
0.059500 0.000000 1.000000
0.056000 0.150000 0.794124
0.059500 0.125000 0.823370
0.056000 0.425000 0.425929
0.056000 0.250000 0.636645
0.059500 0.325000 0.518682
0.059500 0.275000 0.588800
0.056000 0.350000 0.495994
0.056000 0.375000 0.469335
0.056000 0.225000 0.676227
0.059500 0.400000 0.438584
0.056000 0.475000 0.390085
0.059500 0.100000 0.859748
0.059500 0.200000 0.705816
0.063000 0.050000 0.923596
0.056000 0.450000 0.407638
0.059500 0.175000 0.745453
0.063000 0.075000 0.886973
0.063000 0.025000 0.958350
0.063000 0.000000 1.000000
0.059500 0.300000 0.552552
0.059500 0.150000 0.784999
0.063000 0.125000 0.815088
0.059500 0.425000 0.419011
0.059500 0.250000 0.626900
0.063000 0.325000 0.510322
0.063000 0.275000 0.579578
0.063000 0.400000 0.431515
0.059500 0.350000 0.487860
0.059500 0.375000 0.461608
0.059500 0.225000 0.666261
0.059500 0.475000 0.383990
0.063000 0.100000 0.852336
0.066500 0.050000 0.919674
0.063000 0.200000 0.695999
0.059500 0.450000 0.401132
0.066500 0.075000 0.880936
0.066500 0.025000 0.955652
0.063000 0.175000 0.736029
0.066500 0.000000 1.000000
0.063000 0.300000 0.543729
0.066500 0.125000 0.806892
0.063000 0.150000 0.776033
0.063000 0.425000 0.412332
0.063000 0.250000 0.617361
0.066500 0.325000 0.502197
0.066500 0.275000 0.570577
0.066500 0.400000 0.424682
0.063000 0.350000 0.479967
0.063000 0.375000 0.454127
0.063000 0.225000 0.656481
0.063000 0.475000 0.378122
0.066500 0.100000 0.844964
0.063000 0.450000 0.394860
0.066500 0.200000 0.686376
0.066500 0.175000 0.726761
0.066500 0.300000 0.535139
0.066500 0.150000 0.767210
0.066500 0.425000 0.405887
0.066500 0.250000 0.608021
0.066500 0.225000 0.646886
0.066500 0.350000 0.472314
0.066500 0.375000 0.446885
0.066500 0.475000 0.372476
0.066500 0.450000 0.388816
