0.000000 0.080000 0.990896
0.000000 0.020000 0.999845
0.000000 0.120000 0.971431
0.000000 0.100000 0.982823
0.000000 0.140000 0.956510
0.000000 0.180000 0.916140
0.000000 0.220000 0.863452
0.000000 0.200000 0.891136
0.000000 0.240000 0.833624
0.000000 0.340000 0.678217
0.000000 0.160000 0.938032
0.000000 0.300000 0.739555
0.000000 0.380000 0.625555
0.000000 0.360000 0.650431
0.000000 0.320000 0.708325
0.000000 0.260000 0.802390
0.000000 0.280000 0.771086
0.005000 0.000000 1.000000
0.005000 0.120000 0.960833
0.005000 0.140000 0.944280
0.005000 0.100000 0.973967
0.005000 0.180000 0.901146
0.005000 0.240000 0.816031
0.005000 0.340000 0.659967
0.005000 0.220000 0.846508
0.005000 0.200000 0.875058
0.005000 0.160000 0.924326
0.005000 0.380000 0.607817
0.005000 0.300000 0.721101
0.005000 0.360000 0.632420
0.005000 0.320000 0.689910
0.010000 0.000000 1.000000
0.010000 0.120000 0.949560
0.010000 0.080000 0.975954
0.010000 0.040000 0.991449
0.010000 0.020000 0.995916
0.010000 0.140000 0.931519
0.010000 0.340000 0.642355
0.010000 0.100000 0.964299
0.010000 0.240000 0.798615
0.010000 0.180000 0.885905
0.010000 0.300000 0.703147
0.010000 0.220000 0.829611
0.010000 0.200000 0.858885
0.010000 0.160000 0.910232
0.010000 0.320000 0.672071
0.015000 0.120000 0.937754
0.015000 0.060000 0.978665
0.015000 0.000000 1.000000
0.015000 0.040000 0.987073
0.015000 0.080000 0.967857
0.015000 0.020000 0.993149
0.015000 0.140000 0.918356
0.015000 0.340000 0.625371
0.015000 0.240000 0.781425
0.015000 0.180000 0.870529
0.015000 0.100000 0.954118
0.015000 0.320000 0.654804
0.015000 0.380000 0.574481
0.015000 0.300000 0.685695
0.015000 0.220000 0.812819
0.015000 0.200000 0.842692
0.015000 0.160000 0.895867
0.020000 0.060000 0.972085
0.020000 0.020000 0.990029
0.020000 0.080000 0.959368
0.020000 0.120000 0.925627
0.020000 0.000000 1.000000
0.010000 0.260000 0.766608
0.020000 0.140000 0.904889
0.020000 0.240000 0.764491
0.020000 0.340000 0.609002
0.020000 0.180000 0.855090
0.020000 0.100000 0.943862
0.020000 0.320000 0.638103
0.020000 0.300000 0.668747
0.020000 0.220000 0.796186
0.020000 0.160000 0.881327
0.020000 0.360000 0.582438
0.025000 0.060000 0.965181
0.025000 0.020000 0.987543
0.025000 0.080000 0.950565
0.025000 0.040000 0.976993
0.025000 0.120000 0.913431
0.025000 0.000000 1.000000
0.025000 0.140000 0.891241
0.025000 0.240000 0.747846
0.025000 0.340000 0.593237
0.025000 0.180000 0.839658
0.025000 0.100000 0.933461
0.025000 0.380000 0.543854
0.025000 0.320000 0.621960
0.015000 0.260000 0.749193
0.025000 0.300000 0.652306
0.015000 0.280000 0.717310
0.025000 0.160000 0.866677
0.025000 0.220000 0.779757
0.025000 0.360000 0.567071
0.025000 0.200000 0.810532
0.030000 0.060000 0.957982
0.030000 0.080000 0.941693
0.030000 0.040000 0.971394
0.030000 0.020000 0.984940
0.030000 0.120000 0.901384
0.030000 0.000000 1.000000
0.030000 0.140000 0.877586
0.030000 0.240000 0.731523
0.030000 0.340000 0.578064
0.030000 0.180000 0.824284
0.030000 0.100000 0.922828
0.030000 0.380000 0.529507
0.030000 0.320000 0.606368
0.030000 0.160000 0.851980
0.030000 0.220000 0.763565
0.030000 0.360000 0.552318
0.030000 0.200000 0.794656
0.035000 0.060000 0.950485
0.035000 0.080000 0.932619
0.035000 0.020000 0.982212
0.035000 0.040000 0.965552
0.020000 0.260000 0.732132
0.035000 0.140000 0.864076
0.020000 0.280000 0.700236
0.035000 0.240000 0.715533
0.035000 0.340000 0.563466
0.035000 0.180000 0.809001
0.035000 0.100000 0.912081
0.035000 0.380000 0.515777
0.035000 0.320000 0.591323
0.035000 0.300000 0.620949
0.035000 0.160000 0.837366
0.035000 0.220000 0.747648
0.035000 0.360000 0.538166
0.035000 0.200000 0.778964
0.040000 0.060000 0.942757
0.040000 0.020000 0.979357
0.040000 0.040000 0.960032
0.040000 0.240000 0.699906
0.040000 0.120000 0.877175
0.040000 0.000000 1.000000
0.040000 0.340000 0.549430
0.040000 0.180000 0.793869
0.040000 0.100000 0.901411
0.040000 0.380000 0.502642
0.025000 0.260000 0.715442
0.040000 0.320000 0.576818
0.025000 0.280000 0.683610
0.040000 0.300000 0.606030
0.040000 0.160000 0.822900
0.040000 0.360000 0.524595
0.040000 0.220000 0.732016
0.040000 0.200000 0.763496
0.045000 0.060000 0.934893
0.045000 0.020000 0.976375
0.045000 0.040000 0.955314
0.045000 0.080000 0.914110
0.045000 0.240000 0.684649
0.045000 0.140000 0.837729
0.045000 0.000000 1.000000
0.045000 0.340000 0.535943
0.045000 0.120000 0.865059
0.045000 0.180000 0.778967
0.045000 0.100000 0.890679
0.045000 0.380000 0.490085
0.045000 0.320000 0.562844
0.045000 0.360000 0.511589
0.045000 0.160000 0.808668
0.045000 0.200000 0.748268
0.050000 0.060000 0.926973
0.050000 0.040000 0.950632
0.050000 0.080000 0.904695
0.050000 0.020000 0.973272
0.030000 0.260000 0.699137
0.050000 0.240000 0.669767
0.030000 0.280000 0.667438
0.050000 0.140000 0.824730
0.050000 0.000000 1.000000
0.050000 0.340000 0.522991
0.050000 0.120000 0.853151
0.050000 0.180000 0.764323
0.050000 0.380000 0.478085
0.050000 0.100000 0.879972
0.050000 0.320000 0.549389
0.050000 0.220000 0.701701
0.050000 0.360000 0.499131
0.050000 0.300000 0.577678
0.050000 0.200000 0.733324
0.055000 0.060000 0.919223
0.050000 0.160000 0.794855
0.055000 0.040000 0.945868
0.055000 0.080000 0.895221
0.055000 0.020000 0.970054
0.055000 0.240000 0.655274
0.055000 0.140000 0.811861
0.055000 0.000000 1.000000
0.055000 0.340000 0.510562
0.055000 0.120000 0.841354
0.055000 0.180000 0.749982
0.055000 0.380000 0.466621
0.035000 0.260000 0.683239
0.055000 0.100000 0.869309
0.055000 0.320000 0.536445
0.035000 0.280000 0.651723
0.055000 0.220000 0.687053
0.060000 0.060000 0.912379
0.055000 0.360000 0.487202
0.055000 0.160000 0.781306
0.060000 0.020000 0.966724
0.055000 0.300000 0.564238
0.060000 0.240000 0.641176
0.060000 0.140000 0.799256
0.060000 0.000000 1.000000
0.060000 0.340000 0.498642
0.060000 0.120000 0.829640
0.060000 0.380000 0.455676
0.060000 0.180000 0.736094
0.060000 0.100000 0.858689
0.060000 0.320000 0.524001
0.065000 0.060000 0.905898
0.060000 0.220000 0.672767
0.060000 0.360000 0.475787
0.060000 0.200000 0.704403
0.065000 0.020000 0.963344
0.060000 0.160000 0.768016
0.065000 0.240000 0.627478
0.065000 0.140000 0.786928
0.040000 0.280000 0.636470
0.065000 0.000000 1.000000
0.065000 0.340000 0.487215
0.065000 0.380000 0.445228
0.065000 0.120000 0.818099
0.065000 0.180000 0.722614
0.065000 0.100000 0.848114
0.065000 0.320000 0.512041
0.070000 0.060000 0.899612
0.065000 0.220000 0.658845
0.065000 0.200000 0.690473
0.065000 0.360000 0.464869
0.070000 0.020000 0.960035
0.070000 0.040000 0.931183
0.065000 0.160000 0.754943
0.070000 0.240000 0.614197
0.070000 0.140000 0.774802
0.070000 0.000000 1.000000
0.070000 0.340000 0.476267
0.065000 0.300000 0.538792
0.070000 0.100000 0.837693
0.070000 0.120000 0.806782
0.075000 0.060000 0.893351
0.070000 0.320000 0.500558
0.070000 0.220000 0.645325
0.070000 0.200000 0.676970
0.075000 0.040000 0.926161
0.075000 0.020000 0.956792
0.070000 0.160000 0.742191
0.075000 0.080000 0.859221
0.070000 0.360000 0.454431
0.075000 0.140000 0.762892
0.075000 0.000000 1.000000
0.075000 0.340000 0.465787
0.070000 0.300000 0.526778
0.075000 0.380000 0.425760
0.080000 0.060000 0.887090
0.075000 0.320000 0.489540
0.075000 0.220000 0.632197
0.075000 0.120000 0.795617
0.075000 0.200000 0.663949
0.080000 0.140000 0.751267
0.080000 0.240000 0.588861
0.080000 0.000000 1.000000
0.080000 0.340000 0.455757
0.050000 0.280000 0.607345
0.075000 0.300000 0.515219
0.050000 0.260000 0.638065
0.080000 0.380000 0.416703
0.085000 0.060000 0.880838
0.080000 0.320000 0.478974
0.080000 0.180000 0.684217
0.085000 0.140000 0.739947
0.085000 0.340000 0.446161
0.080000 0.300000 0.504112
0.085000 0.380000 0.408074
0.090000 0.060000 0.874589
0.055000 0.280000 0.593483
0.085000 0.320000 0.468843
0.090000 0.340000 0.436989
0.090000 0.140000 0.728907
0.090000 0.000000 1.000000
0.090000 0.240000 0.565187
0.090000 0.020000 0.946705
0.085000 0.160000 0.705920
0.085000 0.220000 0.607249
0.085000 0.200000 0.639149
0.085000 0.180000 0.672142
0.085000 0.120000 0.774029
0.085000 0.100000 0.808160
0.085000 0.360000 0.425839
0.085000 0.300000 0.493440
0.095000 0.060000 0.868347
0.090000 0.320000 0.459137
0.090000 0.220000 0.595462
0.095000 0.000000 1.000000
0.090000 0.200000 0.627298
0.095000 0.240000 0.553974
0.095000 0.380000 0.392032
0.095000 0.320000 0.449844
0.095000 0.160000 0.683305
0.095000 0.120000 0.753903
0.095000 0.180000 0.649178
0.095000 0.360000 0.408903
0.095000 0.100000 0.790773
0.095000 0.220000 0.584156
0.095000 0.200000 0.615903
0.095000 0.300000 0.473365
0.065000 0.280000 0.567123
0.065000 0.260000 0.596748
0.070000 0.280000 0.554620
0.070000 0.260000 0.583840
0.075000 0.280000 0.542561
0.075000 0.260000 0.571347
0.080000 0.260000 0.559278
0.080000 0.280000 0.530940
0.085000 0.260000 0.547627
0.090000 0.280000 0.508972
0.095000 0.280000 0.498620
0.095000 0.260000 0.525557
